23-29-
4-
12-
Y:  1  0  0  0  0  0  0  0  0  1  1  0  0  0  0  0  0  0  0  1  0  0  0  1  0  0  0  0  0  1  0 
 1  0  0  0  1  0  0  0  0  0  0  0  0  0  0  0  0  0  0  0  0  0  0  0  0  0  0  0  0  0  0 
 1  0  0  0  0  0  0  0  0  0  0  0  1  0  0  0  0  0  0  0  1  0  0  0  0  0  0  0  0  0  0 
4-1-1: 1
4-6-1: 1
4-8-1: 1
4-9-1: 1
4-12-1: 1
4-17-1: 1
4-20-1: 1
4-21-1: 1
4-27-1: 1
4-28-1: 1
4-35-1: 1
4-36-1: 1
4-46-1: 1
4-50-1: 1
4-52-1: 1
9-14-0: 1
9-15-0: 1
9-25-0: 1
10-2-0: 1
10-3-0: 1
10-4-0: 1
10-16-0: 1
10-45-0: 1
10-53-0: 1
12-7-2: 1
12-11-2: 1
12-13-2: 1
12-23-2: 1
12-24-2: 1
12-26-2: 1
12-29-2: 1
12-30-2: 1
12-32-2: 1
12-40-2: 1
12-41-2: 1
12-51-2: 1
19-0-0: 1
19-10-0: 1
19-18-0: 1
19-19-0: 1
19-31-0: 1
19-33-0: 1
19-34-0: 1
19-37-0: 1
19-39-0: 1
19-42-0: 1
19-47-0: 1
20-5-2: 1
20-38-2: 1
20-44-2: 1
20-48-2: 1
20-49-2: 1
282122
290413
285230
282883
278511
270795
273396
272387
285923
275516
270753
286734
273165
292903
270204

279396
