3-
7-27-10-28-
8-
Y:  1  0  0  1  0  0  0  0  0  0  0  0  0  0  0  0  0  0  0  0  0  0  0  0  0  0  0  0  0  0  0 
 1  0  1  1  0  0  0  1  1  0  1  0  0  0  0  0  0  0  0  0  1  0  0  0  0  0  0  1  1  0  0 
 1  0  0  0  0  0  0  0  1  0  0  0  0  0  0  0  0  0  0  0  0  0  0  0  0  0  0  0  0  0  0 
3-1-0: 1
3-2-0: 1
3-3-0: 1
3-16-0: 1
3-22-0: 1
3-23-0: 1
3-31-0: 1
3-32-0: 1
3-33-0: 1
3-35-0: 1
3-40-0: 1
3-41-0: 1
3-46-0: 1
3-47-0: 1
7-17-1: 1
7-28-1: 1
8-0-2: 1
8-4-2: 1
8-8-2: 1
8-9-2: 1
8-10-2: 1
8-11-2: 1
8-12-2: 1
8-15-2: 1
8-18-2: 1
8-30-2: 1
8-37-2: 1
8-38-2: 1
8-39-2: 1
8-45-2: 1
10-5-1: 1
10-19-1: 1
27-7-1: 1
27-14-1: 1
27-21-1: 1
27-34-1: 1
27-36-1: 1
27-42-1: 1
27-43-1: 1
28-6-1: 1
28-13-1: 1
28-20-1: 1
28-24-1: 1
28-25-1: 1
28-26-1: 1
28-27-1: 1
28-44-1: 1
28-49-1: 1
241206
237114
232008
237101
242299
244571
244637
247915
246592
240410
238513
235990
246468
244075
240498

241293
