
40-
20-
6-15-
Y:  1  0  0  0  0  0  0  0  0  0  0  0  0  0  0  0  0  0  0  0  0  0  0  0  0  0  0  0  0  0  1  0  0  0  0  0  0  0  0  0  0 
 1  0  0  0  0  0  0  0  0  0  0  1  0  0  0  0  0  0  0  0  0  0  0  0  0  0  0  0  0  0  0  0  0  0  0  0  0  0  0  0  1 
 1  0  0  0  0  0  0  0  0  0  0  0  0  0  0  0  0  1  0  0  1  0  0  0  0  1  0  0  0  0  0  0  0  0  0  0  0  0  0  0  0 
 1  0  0  0  0  0  1  0  0  0  0  0  0  1  0  1  0  0  0  0  0  0  0  0  0  0  0  1  0  0  0  0  0  0  0  0  0  0  0  0  0 
6-1-3: 1
6-3-3: 1
6-8-3: 1
6-13-3: 1
6-15-3: 1
6-29-3: 1
6-30-3: 1
6-37-3: 1
6-38-3: 1
6-40-3: 1
6-43-3: 1
6-57-3: 1
6-64-3: 1
6-69-3: 1
11-4-1: 1
11-9-1: 1
11-11-1: 1
11-16-1: 1
11-17-1: 1
11-18-1: 1
11-26-1: 1
11-32-1: 1
11-33-1: 1
13-2-3: 1
13-6-3: 1
13-14-3: 1
13-22-3: 1
13-44-3: 1
13-48-3: 1
17-7-2: 1
17-27-2: 1
17-28-2: 1
17-35-2: 1
17-36-2: 1
17-49-2: 1
17-50-2: 1
20-23-2: 1
20-25-2: 1
20-53-2: 1
25-0-2: 1
25-12-2: 1
25-24-2: 1
25-34-2: 1
25-41-2: 1
25-42-2: 1
25-47-2: 1
25-54-2: 1
25-58-2: 1
25-63-2: 1
30-5-0: 1
30-20-0: 1
30-21-0: 1
30-31-0: 1
30-39-0: 1
30-51-0: 1
30-52-0: 1
30-61-0: 1
30-65-0: 1
30-67-0: 1
30-68-0: 1
40-10-1: 1
40-19-1: 1
40-45-1: 1
40-46-1: 1
40-55-1: 1
40-56-1: 1
40-59-1: 1
40-60-1: 1
40-62-1: 1
348129
348548
351720
339978
343568
343267
344981
346320
372141
347301
352397
358975
351850
351350
354318

350323
