23-
5-21-9-18-
15-20-
30-
Y:  1  0  0  0  0  0  0  0  0  0  0  0  0  0  0  0  0  0  0  0  0  0  0  1  0  0  0  0  0  0  1  0  0  0  0  0  0  0  0  0  0 
 1  0  0  0  0  1  1  1  0  1  0  0  0  0  0  1  0  0  1  0  1  1  0  1  0  0  0  0  0  0  0  0  0  0  0  0  0  0  0  0  0 
 1  0  0  0  0  0  0  0  0  0  0  0  0  0  0  1  0  0  0  0  1  0  0  0  0  0  0  0  0  0  0  0  0  0  0  0  0  0  0  0  0 
 1  0  0  0  0  0  0  0  0  0  0  0  0  0  0  0  0  0  0  0  0  0  0  0  0  0  0  0  0  0  1  0  0  0  0  0  0  0  0  0  0 
5-3-1: 1
5-65-1: 1
9-15-1: 1
9-16-1: 1
9-40-1: 1
9-44-1: 1
9-45-1: 1
9-66-1: 1
9-73-1: 1
15-2-2: 1
15-9-2: 1
15-10-2: 1
15-21-2: 1
15-26-2: 1
15-27-2: 1
15-30-2: 1
15-42-2: 1
15-43-2: 1
15-53-2: 1
18-32-1: 1
18-38-1: 1
18-57-1: 1
18-58-1: 1
18-74-1: 1
20-1-2: 1
20-28-2: 1
20-29-2: 1
20-31-2: 1
20-37-2: 1
20-41-2: 1
20-52-2: 1
20-55-2: 1
20-71-2: 1
20-72-2: 1
21-34-1: 1
21-35-1: 1
21-50-1: 1
21-54-1: 1
21-62-1: 1
21-64-1: 1
23-5-0: 1
23-6-0: 1
23-7-0: 1
23-8-0: 1
23-11-0: 1
23-13-0: 1
23-14-0: 1
23-25-0: 1
23-36-0: 1
23-39-0: 1
23-49-0: 1
23-56-0: 1
23-59-0: 1
23-67-0: 1
23-70-0: 1
30-0-3: 1
30-4-3: 1
30-12-3: 1
30-18-3: 1
30-19-3: 1
30-20-3: 1
30-22-3: 1
30-23-3: 1
30-24-3: 1
30-33-3: 1
30-46-3: 1
30-48-3: 1
30-51-3: 1
30-60-3: 1
30-61-3: 1
30-63-3: 1
30-68-3: 1
30-69-3: 1
30-75-3: 1
30-76-3: 1
350069
362835
358564
366295
356220
364888
339232
364153
364601
367381
352436
354620
350295
372088
365208

359259
