22-
19-

3-
Y:  1  0  0  0  0  0  0  0  0  0  0  0  0  0  0  0  0  0  0  0  0  0  1  0  0  0  0  0  0  0  0  0  0  0  0  0  0  0  0  0  0 
 1  0  0  0  0  0  0  0  0  0  0  0  0  0  0  0  0  0  0  1  0  0  0  0  0  0  0  1  0  0  0  0  0  0  0  0  0  0  0  0  0 
 1  0  0  0  0  0  0  0  0  0  0  0  0  0  0  1  0  0  0  0  0  0  0  0  0  0  0  0  0  0  0  0  0  0  0  0  0  0  0  0  0 
 1  0  0  1  0  0  0  0  0  0  0  0  0  0  0  0  0  0  0  0  0  0  0  0  0  1  0  0  0  0  0  0  0  0  0  0  0  0  0  0  0 
3-16-3: 1
3-17-3: 1
3-19-3: 1
15-0-2: 1
15-4-2: 1
15-6-2: 1
15-11-2: 1
15-14-2: 1
15-18-2: 1
15-26-2: 1
15-27-2: 1
15-28-2: 1
15-30-2: 1
15-41-2: 1
15-59-2: 1
15-60-2: 1
15-64-2: 1
15-66-2: 1
15-68-2: 1
19-1-1: 1
19-22-1: 1
19-25-1: 1
19-33-1: 1
19-34-1: 1
19-38-1: 1
19-53-1: 1
19-54-1: 1
19-55-1: 1
19-57-1: 1
19-70-1: 1
19-71-1: 1
22-8-0: 1
22-10-0: 1
22-15-0: 1
22-20-0: 1
22-40-0: 1
22-42-0: 1
22-43-0: 1
22-44-0: 1
22-47-0: 1
22-48-0: 1
22-51-0: 1
22-56-0: 1
22-62-0: 1
22-65-0: 1
22-67-0: 1
22-72-0: 1
25-2-3: 1
25-3-3: 1
25-5-3: 1
25-9-3: 1
25-12-3: 1
25-13-3: 1
25-21-3: 1
25-23-3: 1
25-24-3: 1
25-29-3: 1
25-32-3: 1
25-35-3: 1
25-36-3: 1
25-45-3: 1
25-46-3: 1
25-52-3: 1
25-63-3: 1
27-7-1: 1
27-37-1: 1
27-39-1: 1
27-49-1: 1
27-50-1: 1
27-58-1: 1
27-69-1: 1
27-73-1: 1
391778
403005
399905
410342
410029
398730
405390
413236
412413
395454
406533
397828
396829
408865
404268

403640
