39-
8-35-
15-12-24-
6-
Y:  1  0  0  0  0  0  0  0  0  0  0  0  0  0  0  0  0  1  0  0  0  0  0  0  1  0  0  0  0  0  0  0  0  0  0  0  0  0  0  1  0 
 1  0  0  0  0  0  0  0  1  0  0  0  0  0  0  0  0  1  0  0  0  0  1  0  1  0  1  0  0  0  1  0  0  0  0  1  0  0  0  0  0 
 1  0  0  0  0  0  0  0  0  0  0  0  1  0  0  1  0  0  0  0  0  0  0  0  1  0  0  0  0  0  0  0  0  0  0  0  0  0  0  0  0 
 1  0  0  0  0  0  1  0  0  0  0  0  0  0  0  0  0  0  0  0  0  0  0  0  1  0  0  0  0  0  0  0  0  0  0  0  0  0  0  0  0 
6-3-3: 1
6-6-3: 1
6-7-3: 1
6-9-3: 1
6-26-3: 1
6-27-3: 1
6-43-3: 1
6-44-3: 1
6-49-3: 1
6-50-3: 1
6-51-3: 1
6-52-3: 1
6-54-3: 1
6-60-3: 1
8-10-1: 1
8-11-1: 1
8-12-1: 1
8-13-1: 1
8-19-1: 1
8-23-1: 1
8-32-1: 1
8-35-1: 1
8-39-1: 1
8-40-1: 1
8-41-1: 1
8-42-1: 1
8-45-1: 1
8-47-1: 1
8-48-1: 1
8-57-1: 1
8-58-1: 1
12-14-2: 1
12-15-2: 1
12-17-2: 1
12-18-2: 1
12-30-2: 1
12-61-2: 1
12-63-2: 1
15-5-2: 1
15-8-2: 1
15-16-2: 1
15-21-2: 1
15-22-2: 1
15-25-2: 1
15-33-2: 1
15-36-2: 1
15-37-2: 1
15-38-2: 1
15-55-2: 1
15-56-2: 1
24-62-2: 1
35-1-1: 1
35-34-1: 1
35-46-1: 1
39-0-0: 1
39-2-0: 1
39-4-0: 1
39-20-0: 1
39-24-0: 1
39-28-0: 1
39-29-0: 1
39-31-0: 1
39-53-0: 1
39-59-0: 1
318570
322523
322232
318834
320884
321123
328606
324959
326630
326522
326555
314295
311938
320944
330356

322332
