26-
15-22-

19-25-
Y:  1  0  0  0  0  0  0  0  0  0  0  0  0  0  0  0  0  0  0  0  0  0  0  0  0  0  1  0  0  0  0  0  0  0  0  0  0  0  0  0  0 
 1  0  0  0  0  0  0  0  0  0  0  0  0  0  0  1  0  0  0  0  0  0  1  1  0  0  0  0  0  0  0  0  0  0  0  0  0  0  0  0  0 
 1  0  0  0  0  0  0  0  0  0  0  0  0  0  0  0  0  0  0  0  0  0  0  0  1  0  0  0  0  0  0  0  0  0  0  0  0  0  0  0  0 
 1  0  0  0  0  0  0  0  0  0  0  0  0  1  0  0  0  0  0  1  0  0  0  0  0  1  0  0  0  0  0  0  0  0  0  0  0  0  0  0  0 
13-22-3: 1
13-24-3: 1
13-29-3: 1
13-37-3: 1
13-58-3: 1
15-0-1: 1
15-8-1: 1
15-9-1: 1
15-10-1: 1
15-18-1: 1
15-27-1: 1
15-52-1: 1
15-56-1: 1
15-70-1: 1
15-73-1: 1
15-74-1: 1
19-3-3: 1
19-4-3: 1
19-5-3: 1
19-15-3: 1
19-16-3: 1
19-21-3: 1
19-28-3: 1
19-34-3: 1
19-35-3: 1
19-54-3: 1
19-57-3: 1
19-59-3: 1
19-60-3: 1
19-65-3: 1
23-11-1: 1
23-12-1: 1
23-13-1: 1
23-30-1: 1
23-31-1: 1
23-42-1: 1
23-43-1: 1
23-62-1: 1
23-66-1: 1
24-1-2: 1
24-2-2: 1
24-25-2: 1
24-32-2: 1
24-33-2: 1
24-44-2: 1
24-45-2: 1
24-50-2: 1
24-51-2: 1
24-61-2: 1
24-71-2: 1
24-72-2: 1
25-7-3: 1
26-6-0: 1
26-14-0: 1
26-17-0: 1
26-19-0: 1
26-23-0: 1
26-26-0: 1
26-38-0: 1
26-39-0: 1
26-40-0: 1
26-41-0: 1
26-46-0: 1
26-47-0: 1
26-48-0: 1
26-49-0: 1
26-53-0: 1
26-55-0: 1
26-63-0: 1
26-67-0: 1
26-68-0: 1
26-69-0: 1
376789
377563
393560
382278
376500
379433
368823
384162
383732
385907
396042
380561
394767
375066
385022

382680
