16-
7-
Y:  1  0  0  0  0  0  1  0  0  0  0  0  0  0  0  0  1  0  0  0  0 
 1  0  0  0  0  0  0  1  0  0  0  0  1  0  1  0  1  0  0  0  0 
6-3-0: 1
6-8-0: 1
6-9-0: 1
6-10-0: 1
6-16-0: 1
6-17-0: 1
6-18-0: 1
6-25-0: 1
6-27-0: 1
6-28-0: 1
6-29-0: 1
6-31-0: 1
6-32-0: 1
6-34-0: 1
12-1-1: 1
12-2-1: 1
12-5-1: 1
12-7-1: 1
12-13-1: 1
12-14-1: 1
12-20-1: 1
12-21-1: 1
12-22-1: 1
12-23-1: 1
12-24-1: 1
12-35-1: 1
12-36-1: 1
14-4-1: 1
14-19-1: 1
14-26-1: 1
14-38-1: 1
16-11-0: 1
16-12-0: 1
16-15-0: 1
16-30-0: 1
16-33-0: 1
16-37-0: 1
215850
207476
207547
213725
205998
201787
221924
218264
201800
207914
211412
213860
204052
203074
210787

209698
