21-
24-
3-16-27-
Y:  1  0  0  0  0  0  0  0  0  0  0  0  0  0  0  0  0  0  0  0  0  1  0  0  0  0  0  0  0  0  0 
 1  0  0  0  0  0  0  0  0  0  0  0  0  0  0  0  0  0  0  0  0  0  0  0  1  0  0  0  0  0  0 
 1  0  0  1  0  0  0  0  1  0  0  1  1  0  0  0  1  0  1  0  0  1  0  1  0  0  0  1  0  0  0 
3-5-2: 1
3-24-2: 1
3-25-2: 1
3-28-2: 1
3-31-2: 1
3-34-2: 1
3-45-2: 1
3-47-2: 1
3-50-2: 1
16-10-2: 1
16-11-2: 1
16-27-2: 1
16-52-2: 1
21-3-0: 1
21-4-0: 1
21-6-0: 1
21-9-0: 1
21-12-0: 1
21-13-0: 1
21-15-0: 1
21-19-0: 1
21-20-0: 1
21-21-0: 1
21-29-0: 1
21-37-0: 1
21-39-0: 1
21-43-0: 1
24-2-1: 1
24-7-1: 1
24-14-1: 1
24-18-1: 1
24-23-1: 1
24-26-1: 1
24-30-1: 1
24-32-1: 1
24-33-1: 1
24-35-1: 1
24-36-1: 1
24-41-1: 1
24-42-1: 1
24-44-1: 1
24-46-1: 1
24-51-1: 1
27-0-2: 1
27-1-2: 1
27-16-2: 1
27-22-2: 1
27-38-2: 1
27-48-2: 1
27-49-2: 1
240778
250851
256395
249974
252919
251958
253434
256150
253993
252872
255621
249826
254120
254147
251254

252286
