37-
36-

33-40-
Y:  1  0  0  0  0  0  0  0  0  0  0  0  0  0  0  0  0  0  0  0  0  0  0  0  0  1  0  0  0  0  0  0  0  0  0  0  0  1  0  0  0 
 1  0  0  0  0  0  0  0  0  0  0  0  0  0  0  0  0  0  0  0  0  0  0  0  0  0  0  0  0  0  0  0  0  0  0  0  1  0  0  0  0 
 1  0  0  0  0  0  0  0  0  0  0  0  0  0  0  1  0  0  0  0  0  0  1  0  0  0  0  0  0  0  0  0  0  0  0  0  0  0  0  0  0 
 1  0  0  0  0  0  0  0  0  0  0  0  0  0  0  0  0  0  0  0  0  0  0  0  0  0  0  0  0  0  0  0  1  1  0  0  0  0  0  0  1 
15-2-2: 1
15-9-2: 1
15-10-2: 1
15-21-2: 1
15-26-2: 1
15-27-2: 1
15-30-2: 1
15-42-2: 1
15-43-2: 1
15-53-2: 1
22-1-2: 1
22-28-2: 1
22-29-2: 1
22-32-2: 1
22-33-2: 1
22-40-2: 1
22-41-2: 1
22-52-2: 1
22-58-2: 1
22-74-2: 1
25-3-0: 1
25-8-0: 1
25-17-0: 1
25-19-0: 1
25-34-0: 1
25-44-0: 1
25-46-0: 1
25-47-0: 1
25-54-0: 1
25-64-0: 1
25-65-0: 1
25-66-0: 1
25-76-0: 1
32-0-3: 1
32-12-3: 1
32-31-3: 1
32-36-3: 1
32-37-3: 1
32-55-3: 1
32-59-3: 1
32-68-3: 1
32-71-3: 1
32-72-3: 1
36-18-1: 1
36-22-1: 1
36-23-1: 1
36-24-1: 1
36-35-1: 1
36-38-1: 1
36-45-1: 1
36-50-1: 1
36-51-1: 1
36-57-1: 1
36-61-1: 1
36-62-1: 1
36-63-1: 1
36-75-1: 1
37-5-0: 1
37-6-0: 1
37-11-0: 1
37-56-0: 1
37-67-0: 1
37-69-0: 1
37-70-0: 1
40-4-3: 1
40-7-3: 1
40-13-3: 1
40-14-3: 1
40-20-3: 1
40-25-3: 1
40-39-3: 1
40-48-3: 1
40-49-3: 1
40-60-3: 1
380243
376701
391774
386935
400446
378602
384949
398246
397668
385992
394172
390980
413094
394121
407287

392081
