2-
16-1-10-13-
Y:  1  0  1  0  0  0  0  0  0  0  0  0  0  0  0  0  0  0  0  0  0 
 1  1  0  0  0  0  0  0  0  0  1  0  0  1  0  0  1  0  0  0  0 
1-0-1: 1
1-1-1: 1
1-24-1: 1
1-26-1: 1
1-34-1: 1
2-5-0: 1
2-7-0: 1
2-9-0: 1
2-10-0: 1
2-12-0: 1
2-15-0: 1
2-16-0: 1
2-17-0: 1
2-20-0: 1
2-21-0: 1
2-22-0: 1
2-33-0: 1
2-35-0: 1
10-2-1: 1
10-3-1: 1
10-8-1: 1
10-11-1: 1
10-23-1: 1
10-28-1: 1
10-29-1: 1
10-36-1: 1
10-37-1: 1
13-6-1: 1
13-18-1: 1
13-19-1: 1
13-32-1: 1
16-4-1: 1
16-30-1: 1
164990
167494
170470
166700
167537
166437
163799
170805
168110
170843
167250
167287
164496
167526
166704

167363
