5-9-

Y:  1  0  0  0  0  1  0  0  0  1  0  1  0  0  0  0  0  0  0  0  0 
 1  0  0  0  0  0  0  0  0  0  0  0  0  0  0  0  1  0  0  0  0 
5-3-0: 1
5-10-0: 1
5-12-0: 1
5-19-0: 1
5-22-0: 1
5-27-0: 1
5-28-0: 1
5-29-0: 1
5-31-0: 1
9-1-0: 1
9-2-0: 1
9-14-0: 1
9-15-0: 1
9-25-0: 1
9-26-0: 1
11-5-0: 1
11-7-0: 1
11-16-0: 1
11-17-0: 1
11-21-0: 1
16-0-1: 1
16-6-1: 1
16-8-1: 1
16-9-1: 1
16-13-1: 1
16-18-1: 1
16-20-1: 1
16-23-1: 1
16-24-1: 1
158410
155359
157557
163792
151398
148605
156583
145651
146402
148890
159639
170541
159183
145539
148387

154396
