30-
28-
22-27-
Y:  1  0  0  0  0  0  0  0  0  0  0  0  0  0  1  0  0  1  0  0  0  0  0  0  0  0  0  0  0  0  1 
 1  0  0  0  0  0  0  0  0  0  0  0  0  0  0  0  0  0  0  0  0  0  0  0  0  0  0  0  1  0  0 
 1  0  0  0  1  0  0  0  0  0  0  0  0  0  0  0  0  0  0  0  0  0  1  0  0  0  0  1  0  0  0 
4-6-2: 1
4-7-2: 1
4-10-2: 1
4-25-2: 1
4-32-2: 1
4-33-2: 1
4-42-2: 1
4-54-2: 1
4-55-2: 1
4-56-2: 1
14-2-0: 1
14-3-0: 1
14-24-0: 1
14-40-0: 1
17-4-0: 1
17-5-0: 1
17-18-0: 1
17-26-0: 1
17-30-0: 1
17-31-0: 1
17-35-0: 1
17-37-0: 1
17-38-0: 1
17-39-0: 1
17-45-0: 1
17-46-0: 1
17-47-0: 1
17-49-0: 1
17-52-0: 1
17-57-0: 1
22-41-2: 1
27-0-2: 1
27-9-2: 1
27-14-2: 1
27-15-2: 1
27-21-2: 1
27-28-2: 1
27-29-2: 1
27-50-2: 1
27-53-2: 1
28-1-1: 1
28-8-1: 1
28-11-1: 1
28-12-1: 1
28-13-1: 1
28-16-1: 1
28-17-1: 1
28-19-1: 1
28-20-1: 1
28-22-1: 1
28-23-1: 1
28-27-1: 1
28-34-1: 1
28-36-1: 1
28-43-1: 1
28-44-1: 1
28-51-1: 1
300842
291111
305110
305985
303730
301917
304976
316866
306226
303036
309959
317527
302195
309619
298976

305205
