10-
28-14-29-38-
4-31-
6-30-
Y:  1  0  0  0  0  0  0  0  0  0  1  0  0  0  0  0  0  0  0  0  0  0  0  0  0  0  0  0  0  0  0  0  0  0  0  0  0  0  0  0  0 
 1  0  0  0  1  0  0  0  0  0  1  0  1  0  1  0  0  0  0  0  0  0  0  0  0  0  0  0  1  1  0  0  0  0  0  0  0  0  1  0  0 
 1  0  0  0  1  0  0  0  0  0  0  0  0  0  0  0  0  0  0  0  0  0  0  0  0  0  0  0  0  0  0  1  0  0  0  0  0  0  0  0  0 
 1  0  0  0  0  0  1  0  0  0  1  0  1  0  0  0  0  0  0  0  0  0  1  0  0  0  0  0  1  0  1  1  0  0  0  0  0  0  0  0  0 
4-0-2: 1
4-1-2: 1
4-3-2: 1
4-8-2: 1
4-10-2: 1
4-15-2: 1
4-20-2: 1
4-24-2: 1
4-37-2: 1
4-46-2: 1
4-55-2: 1
4-56-2: 1
4-57-2: 1
4-62-2: 1
4-69-2: 1
6-4-3: 1
6-9-3: 1
6-13-3: 1
6-26-3: 1
6-29-3: 1
6-30-3: 1
6-38-3: 1
6-40-3: 1
6-43-3: 1
6-64-3: 1
10-12-0: 1
10-16-0: 1
10-32-0: 1
10-33-0: 1
10-34-0: 1
10-41-0: 1
10-42-0: 1
10-47-0: 1
10-54-0: 1
10-58-0: 1
10-63-0: 1
14-2-1: 1
14-6-1: 1
14-14-1: 1
14-23-1: 1
14-48-1: 1
14-53-1: 1
28-19-1: 1
29-7-1: 1
29-22-1: 1
29-27-1: 1
29-36-1: 1
29-49-1: 1
29-50-1: 1
30-5-3: 1
30-21-3: 1
30-31-3: 1
30-39-3: 1
30-51-3: 1
30-52-3: 1
30-61-3: 1
30-65-3: 1
30-67-3: 1
30-68-3: 1
31-45-2: 1
31-59-2: 1
31-60-2: 1
38-11-1: 1
38-17-1: 1
38-18-1: 1
38-25-1: 1
38-28-1: 1
38-35-1: 1
38-66-1: 1
320088
319332
322851
306245
321648
310622
314737
310219
315410
315033
318536
322878
323797
315967
322027

317293
