16-30-21-
12-15-
17-19-
Y:  1  0  0  0  0  0  0  1  0  0  0  0  0  0  0  1  1  0  0  0  0  1  0  0  0  0  0  0  0  1  1 
 1  0  0  0  0  0  0  1  0  0  0  0  1  0  0  1  0  0  0  0  0  0  0  0  0  0  0  0  0  0  0 
 1  0  0  0  0  0  0  0  1  0  0  0  0  0  0  0  1  1  0  1  0  0  0  0  0  0  0  0  0  0  0 
12-26-1: 1
12-29-1: 1
15-7-1: 1
15-11-1: 1
15-13-1: 1
15-14-1: 1
15-23-1: 1
15-24-1: 1
15-25-1: 1
15-32-1: 1
15-38-1: 1
15-41-1: 1
16-30-0: 1
16-44-0: 1
16-48-0: 1
16-49-0: 1
17-40-2: 1
19-0-2: 1
19-1-2: 1
19-4-2: 1
19-10-2: 1
19-12-2: 1
19-18-2: 1
19-19-2: 1
19-20-2: 1
19-27-2: 1
19-31-2: 1
19-33-2: 1
19-34-2: 1
19-36-2: 1
19-37-2: 1
19-39-2: 1
19-42-2: 1
19-46-2: 1
19-47-2: 1
19-50-2: 1
21-6-0: 1
21-51-0: 1
30-2-0: 1
30-3-0: 1
30-5-0: 1
30-8-0: 1
30-9-0: 1
30-16-0: 1
30-17-0: 1
30-21-0: 1
30-28-0: 1
30-35-0: 1
30-43-0: 1
30-45-0: 1
30-52-0: 1
30-53-0: 1
250311
255751
250320
241516
252655
244591
255120
250874
257205
251516
245242
250359
255399
255921
249229

251067
