21-27-4-
5-
22-
Y:  1  0  0  0  1  1  0  0  0  0  0  0  0  0  0  0  0  0  0  0  0  1  1  0  0  0  0  1  1  0  1 
 1  0  0  0  0  1  0  0  0  0  0  0  0  0  0  0  0  0  0  0  0  0  0  0  0  0  0  0  1  0  0 
 1  0  0  0  0  0  0  0  0  0  0  0  0  0  0  0  0  0  0  0  0  0  1  0  0  0  0  0  0  0  0 
4-6-0: 1
4-7-0: 1
4-10-0: 1
4-42-0: 1
4-54-0: 1
4-55-0: 1
4-56-0: 1
5-1-1: 1
5-8-1: 1
5-11-1: 1
5-12-1: 1
5-17-1: 1
5-19-1: 1
5-20-1: 1
5-23-1: 1
5-27-1: 1
5-31-1: 1
5-34-1: 1
5-35-1: 1
5-36-1: 1
5-38-1: 1
5-45-1: 1
5-47-1: 1
5-49-1: 1
5-51-1: 1
5-52-1: 1
5-57-1: 1
21-4-0: 1
21-5-0: 1
21-9-0: 1
21-26-0: 1
21-28-0: 1
21-30-0: 1
21-37-0: 1
21-39-0: 1
21-46-0: 1
22-13-2: 1
22-14-2: 1
22-15-2: 1
22-16-2: 1
22-18-2: 1
22-21-2: 1
22-22-2: 1
22-24-2: 1
22-25-2: 1
22-32-2: 1
22-33-2: 1
22-40-2: 1
22-41-2: 1
22-43-2: 1
22-44-2: 1
22-50-2: 1
27-0-0: 1
27-2-0: 1
27-29-0: 1
27-53-0: 1
282102
274187
281874
278245
276938
277282
281362
283708
284960
282653
281470
286275
273872
281999
277700

280308
