2-8-

28-
Y:  1  0  1  0  0  0  0  0  1  0  0  0  0  0  0  0  0  0  0  0  0  0  0  0  1  0  0  0  0  0  0 
 1  0  0  0  0  0  0  0  0  0  0  0  0  0  0  0  0  0  0  0  0  0  0  0  0  0  0  1  0  0  0 
 1  0  0  0  0  0  0  0  0  0  0  0  0  0  0  0  0  0  0  0  0  0  0  0  0  0  0  0  1  0  0 
2-5-0: 1
2-12-0: 1
8-4-0: 1
8-8-0: 1
8-15-0: 1
8-23-0: 1
8-31-0: 1
24-0-0: 1
24-1-0: 1
24-9-0: 1
24-10-0: 1
24-11-0: 1
24-17-0: 1
24-18-0: 1
24-28-0: 1
24-29-0: 1
24-30-0: 1
24-38-0: 1
24-40-0: 1
24-48-0: 1
27-2-1: 1
27-3-1: 1
27-7-1: 1
27-14-1: 1
27-16-1: 1
27-21-1: 1
27-22-1: 1
27-32-1: 1
27-33-1: 1
27-34-1: 1
27-35-1: 1
27-36-1: 1
27-41-1: 1
27-42-1: 1
27-43-1: 1
27-46-1: 1
27-47-1: 1
28-6-2: 1
28-13-2: 1
28-20-2: 1
28-24-2: 1
28-25-2: 1
28-26-2: 1
28-27-2: 1
28-37-2: 1
28-39-2: 1
28-44-2: 1
28-45-2: 1
28-49-2: 1
260784
264052
260188
271820
254736
266622
261576
257548
258463
261780
265446
264113
261735
261836
255458

261744
