9-18-
5-
Y:  1  0  0  0  0  0  0  0  0  1  0  0  0  0  0  0  0  0  1  0  0 
 1  0  0  0  0  1  0  0  0  1  0  0  0  0  0  0  0  0  0  0  0 
5-0-1: 1
5-1-1: 1
5-2-1: 1
5-3-1: 1
5-7-1: 1
5-8-1: 1
5-12-1: 1
5-13-1: 1
5-15-1: 1
5-16-1: 1
5-23-1: 1
5-30-1: 1
5-32-1: 1
5-33-1: 1
9-6-0: 1
9-9-0: 1
9-10-0: 1
9-11-0: 1
9-14-0: 1
9-18-0: 1
9-24-0: 1
9-27-0: 1
9-28-0: 1
9-31-0: 1
18-4-0: 1
18-21-0: 1
18-25-0: 1
18-26-0: 1
18-29-0: 1
133553
138266
129755
138258
135547
130126
126513
134356
134538
135687
136028
134939
129593
134793
130372

133488
