9-
5-19-20-3-
Y:  1  0  0  0  0  0  0  0  0  1  0  0  0  0  0  0  0  0  0  0  0 
 1  0  0  1  0  1  0  0  0  1  0  0  0  0  0  0  0  0  0  1  1 
3-15-1: 1
3-17-1: 1
3-25-1: 1
5-3-1: 1
5-7-1: 1
5-10-1: 1
5-22-1: 1
9-1-0: 1
9-2-0: 1
9-26-0: 1
9-27-0: 1
9-31-0: 1
19-0-1: 1
19-6-1: 1
19-9-1: 1
19-12-1: 1
19-13-1: 1
19-18-1: 1
19-19-1: 1
19-23-1: 1
19-28-1: 1
19-29-1: 1
20-8-1: 1
20-14-1: 1
20-30-1: 1
127710
125359
127631
130996
130996
117358
126583
118816
120395
125732
133055
118080
130610
123406
122086

125254
