9-35-
21-
19-32-
4-23-
Y:  1  1  0  0  0  0  0  0  0  1  0  0  1  0  0  0  1  0  0  1  0  0  1  1  0  0  1  0  0  0  0  0  1  0  0  1  0  0  0  0  0 
 1  0  0  0  0  0  0  0  0  0  0  0  0  0  0  0  1  0  0  1  0  1  1  0  0  0  0  0  0  0  0  0  1  0  0  0  0  0  0  0  0 
 1  0  0  0  0  0  0  0  0  0  0  0  0  0  0  0  0  0  0  1  0  0  0  0  0  0  0  0  0  0  0  0  1  0  0  0  0  0  0  0  0 
 1  0  0  0  1  0  0  0  0  0  0  0  0  0  0  0  0  0  0  0  0  0  0  1  0  0  0  0  0  0  0  0  0  0  0  0  0  0  0  0  0 
4-8-3: 1
4-15-3: 1
4-16-3: 1
4-19-3: 1
4-47-3: 1
4-48-3: 1
4-51-3: 1
4-62-3: 1
4-65-3: 1
9-10-0: 1
9-13-0: 1
9-44-0: 1
9-56-0: 1
9-61-0: 1
19-1-2: 1
19-22-2: 1
19-25-2: 1
19-26-2: 1
19-30-2: 1
19-33-2: 1
19-34-2: 1
19-38-2: 1
19-53-2: 1
19-54-2: 1
19-55-2: 1
19-57-2: 1
19-70-2: 1
19-71-2: 1
21-0-1: 1
21-4-1: 1
21-7-1: 1
21-11-1: 1
21-17-1: 1
21-18-1: 1
21-37-1: 1
21-39-1: 1
21-40-1: 1
21-42-1: 1
21-49-1: 1
21-50-1: 1
21-58-1: 1
21-64-1: 1
21-66-1: 1
21-67-1: 1
21-68-1: 1
21-69-1: 1
21-72-1: 1
21-73-1: 1
23-6-3: 1
23-14-3: 1
23-27-3: 1
23-41-3: 1
23-43-3: 1
23-59-3: 1
23-60-3: 1
32-20-2: 1
35-2-0: 1
35-3-0: 1
35-5-0: 1
35-9-0: 1
35-12-0: 1
35-21-0: 1
35-23-0: 1
35-24-0: 1
35-29-0: 1
35-32-0: 1
35-35-0: 1
35-36-0: 1
35-46-0: 1
35-52-0: 1
35-63-0: 1
373189
384353
392963
392071
369717
382757
378161
372434
385352
379758
376550
372640
375289
387951
388398

380772
