1-20-
5-
Y:  1  1  0  0  0  1  0  0  0  0  0  0  0  1  0  0  0  0  0  0  1 
 1  0  0  0  0  1  0  0  1  1  0  0  0  0  0  0  0  0  0  0  0 
1-4-0: 1
1-25-0: 1
1-26-0: 1
1-29-0: 1
5-1-0: 1
5-2-0: 1
5-32-0: 1
5-33-1: 1
8-3-1: 1
8-8-1: 1
8-10-1: 1
8-12-1: 1
8-13-1: 1
8-15-1: 1
8-16-1: 1
8-23-1: 1
8-30-1: 1
9-6-1: 1
9-9-1: 1
9-11-1: 1
9-14-1: 1
9-18-1: 1
9-24-1: 1
9-27-1: 1
9-28-1: 1
9-31-1: 1
13-5-0: 1
13-19-0: 1
13-20-0: 1
13-21-0: 1
20-0-0: 1
20-7-0: 1
163990
174398
156495
160756
150756
174118
161353
159160
161900
156421
182471
167319
158099
164023
162127

163559
