29-
4-
12-
Y:  1  0  0  0  0  0  0  0  0  0  0  0  0  0  0  0  0  0  0  0  0  0  0  0  0  0  0  0  0  1  0 
 1  0  0  0  1  0  0  0  0  0  0  0  0  0  0  0  0  0  0  0  0  0  0  1  0  0  0  0  0  0  0 
 1  0  0  0  0  0  0  0  0  0  0  0  1  0  0  0  0  0  0  0  0  0  0  0  0  0  0  0  0  0  0 
4-5-1: 1
4-32-1: 1
4-33-1: 1
4-34-1: 1
4-45-1: 1
4-50-1: 1
12-0-2: 1
12-8-2: 1
12-12-2: 1
12-13-2: 1
12-14-2: 1
12-15-2: 1
12-20-2: 1
12-23-2: 1
12-24-2: 1
12-27-2: 1
12-31-2: 1
12-37-2: 1
12-38-2: 1
12-40-2: 1
12-41-2: 1
12-43-2: 1
12-46-2: 1
12-47-2: 1
23-6-1: 1
23-7-1: 1
23-9-1: 1
23-10-1: 1
23-17-1: 1
23-18-1: 1
23-19-1: 1
23-25-1: 1
23-26-1: 1
23-36-1: 1
23-39-1: 1
23-42-1: 1
23-48-1: 1
23-49-1: 1
29-1-0: 1
29-2-0: 1
29-3-0: 1
29-4-0: 1
29-11-0: 1
29-21-0: 1
29-22-0: 1
29-29-0: 1
29-30-0: 1
29-35-0: 1
29-44-0: 1
29-51-0: 1
29-52-0: 1
29-53-0: 1
29-54-0: 1
274096
288934
289113
282964
284237
286378
289862
286428
277307
288749
290482
290033
281999
294926
280138

285710
