22-39-

22-
17-
Y:  1  0  0  0  0  0  0  0  0  0  0  0  0  0  0  0  0  0  0  0  0  0  1  0  0  1  0  0  0  0  0  0  0  0  0  0  0  0  0  1  0 
 1  0  0  0  0  0  0  0  0  0  0  0  0  0  0  0  0  0  0  0  0  1  0  0  0  0  0  0  0  0  0  0  0  0  0  0  0  0  0  0  0 
 1  0  0  0  0  0  0  0  0  0  0  0  0  0  0  0  0  0  0  0  0  0  1  0  1  0  0  0  0  0  0  0  0  0  0  0  0  0  0  0  0 
 1  0  0  0  0  0  0  0  0  0  0  0  0  0  0  0  0  1  0  0  0  0  0  0  0  0  0  0  0  0  0  0  0  1  0  0  0  0  0  0  0 
17-6-3: 1
17-7-3: 1
17-9-3: 1
17-44-3: 1
17-60-3: 1
21-8-1: 1
21-10-1: 1
21-22-1: 1
21-29-1: 1
21-30-1: 1
21-32-1: 1
21-38-1: 1
21-39-1: 1
21-55-1: 1
21-56-1: 1
21-57-1: 1
21-59-1: 1
22-11-2: 1
22-13-2: 1
22-19-2: 1
22-20-2: 1
22-23-2: 1
22-24-2: 1
22-31-2: 1
22-41-2: 1
22-48-2: 1
22-58-2: 1
24-14-2: 1
24-15-2: 1
24-17-2: 1
24-18-2: 1
24-25-2: 1
24-54-2: 1
24-61-2: 1
24-62-2: 1
24-63-2: 1
25-16-0: 1
25-21-0: 1
25-33-0: 1
25-36-0: 1
25-37-0: 1
33-1-3: 1
33-3-3: 1
33-26-3: 1
33-27-3: 1
33-34-3: 1
33-35-3: 1
33-40-3: 1
33-43-3: 1
33-45-3: 1
33-46-3: 1
33-47-3: 1
33-49-3: 1
33-50-3: 1
33-51-3: 1
33-52-3: 1
39-0-0: 1
39-2-0: 1
39-4-0: 1
39-12-0: 1
39-28-0: 1
39-53-0: 1
340729
339432
354506
337454
346548
341143
350159
344024
356343
358743
349232
355536
340398
347727
349567

347436
