13-
18-
Y:  1  0  0  0  0  0  0  1  1  0  0  0  0  1  0  0  0  0  0  0  0 
 1  0  0  0  0  0  0  0  0  0  0  0  1  0  0  0  0  0  1  0  0 
7-1-0: 1
7-2-0: 1
7-3-0: 1
7-8-0: 1
7-11-0: 1
7-23-0: 1
7-28-0: 1
7-29-0: 1
7-36-0: 1
7-37-0: 1
8-9-0: 1
8-13-0: 1
8-14-0: 1
8-31-0: 1
12-7-1: 1
12-10-1: 1
12-12-1: 1
12-15-1: 1
12-16-1: 1
12-20-1: 1
12-21-1: 1
12-22-1: 1
12-33-1: 1
12-35-1: 1
13-6-0: 1
13-17-0: 1
13-18-0: 1
13-19-0: 1
13-30-0: 1
13-32-0: 1
18-0-1: 1
18-4-1: 1
18-5-1: 1
18-24-1: 1
18-25-1: 1
18-26-1: 1
18-34-1: 1
194735
191195
185382
180919
182185
184530
188192
200805
184545
184671
183019
195688
180567
186117
188326

187392
