11-20-29-
12-
24-
Y:  1  1  0  0  0  0  0  0  0  0  0  1  1  0  0  0  0  0  0  0  1  1  1  0  0  0  0  0  0  1  0 
 1  0  0  0  0  0  0  0  0  0  0  0  1  0  0  0  0  0  0  0  0  0  0  0  0  0  0  0  0  0  0 
 1  0  0  0  0  0  0  0  0  0  0  0  0  0  0  0  0  0  0  0  0  0  0  0  1  0  0  0  0  0  0 
11-6-0: 1
11-7-0: 1
11-8-0: 1
11-9-0: 1
11-19-0: 1
11-25-0: 1
11-26-0: 1
11-33-0: 1
11-39-0: 1
11-42-0: 1
11-48-0: 1
11-49-0: 1
12-3-1: 1
12-4-1: 1
12-11-1: 1
12-12-1: 1
12-18-1: 1
12-21-1: 1
12-22-1: 1
12-23-1: 1
12-27-1: 1
12-29-1: 1
12-30-1: 1
12-37-1: 1
12-40-1: 1
12-41-1: 1
12-44-1: 1
12-51-1: 1
12-52-1: 1
12-54-1: 1
20-1-0: 1
20-2-0: 1
20-10-0: 1
20-16-0: 1
20-17-0: 1
20-35-0: 1
20-36-0: 1
24-0-2: 1
24-13-2: 1
24-14-2: 1
24-15-2: 1
24-20-2: 1
24-24-2: 1
24-31-2: 1
24-32-2: 1
24-34-2: 1
24-38-2: 1
24-43-2: 1
24-45-2: 1
24-46-2: 1
24-47-2: 1
24-50-2: 1
29-53-0: 1
263470
259799
267288
263488
265962
260385
261313
263079
261625
263994
268509
262834
261486
265808
268141

263812
