11-9-
3-
Y:  1  0  0  0  0  0  0  0  0  1  0  1  0  0  0  0  0  0  0  0  0 
 1  0  0  1  0  0  0  0  0  1  0  1  0  0  0  0  0  0  0  0  0 
3-0-1: 1
3-4-1: 1
3-5-1: 1
3-10-1: 1
3-11-1: 1
3-12-1: 1
3-13-1: 1
3-21-1: 1
3-22-1: 1
3-26-1: 1
3-27-1: 1
3-30-1: 1
3-31-1: 1
3-32-1: 1
9-2-0: 1
9-3-0: 1
9-6-0: 1
9-9-0: 1
9-14-0: 1
9-15-0: 1
9-19-0: 1
9-20-0: 1
11-7-0: 1
11-8-0: 1
11-16-0: 1
11-17-0: 1
11-18-0: 1
11-23-0: 1
11-24-0: 1
11-28-0: 1
11-29-0: 1
11-33-0: 1
11-34-0: 1
153976
159108
158528
159436
158966
158197
151104
161792
159436
159436
161792
158725
161767
154684
157442

158293
