1-
9-6-23-
26-
25-28-
Y:  1  1  0  0  0  0  0  0  0  0  0  0  0  0  0  0  0  0  0  0  0  0  0  0  0  1  0  0  0  0  0  0  0  0  0  0  0  0  0  0  0 
 1  0  0  0  0  0  1  0  0  1  1  0  0  1  0  0  0  0  0  0  0  1  1  1  0  1  1  0  0  0  0  0  1  0  0  0  1  0  0  0  0 
 1  0  0  0  0  0  0  0  0  0  0  0  0  0  0  0  0  0  0  0  0  0  0  0  0  0  1  0  0  0  0  0  0  0  0  0  0  0  0  0  0 
 1  0  0  0  0  0  0  0  0  0  0  0  0  0  0  0  0  0  0  0  0  0  0  0  0  1  0  0  1  0  0  0  0  0  0  0  0  0  0  0  0 
1-0-0: 1
1-1-0: 1
1-8-0: 1
1-9-0: 1
1-10-0: 1
1-18-0: 1
1-24-0: 1
1-27-0: 1
1-32-0: 1
1-33-0: 1
1-45-0: 1
1-50-0: 1
1-51-0: 1
1-52-0: 1
1-56-0: 1
1-61-0: 1
1-71-0: 1
1-72-0: 1
1-73-0: 1
1-74-0: 1
6-3-1: 1
6-15-1: 1
9-16-1: 1
9-20-1: 1
9-21-1: 1
9-34-1: 1
9-35-1: 1
9-36-1: 1
9-54-1: 1
9-60-1: 1
9-65-1: 1
23-11-1: 1
23-12-1: 1
23-13-1: 1
23-25-1: 1
23-30-1: 1
23-31-1: 1
23-42-1: 1
23-43-1: 1
23-66-1: 1
25-7-3: 1
25-17-3: 1
25-23-3: 1
25-38-3: 1
25-39-3: 1
25-46-3: 1
25-47-3: 1
25-49-3: 1
25-53-3: 1
25-63-3: 1
25-68-3: 1
25-69-3: 1
26-4-2: 1
26-5-2: 1
26-22-2: 1
26-28-2: 1
26-29-2: 1
26-37-2: 1
26-55-2: 1
26-57-2: 1
26-58-2: 1
26-59-2: 1
26-62-2: 1
26-67-2: 1
28-6-3: 1
28-14-3: 1
28-19-3: 1
28-26-3: 1
28-40-3: 1
28-41-3: 1
28-48-3: 1
28-70-3: 1
347147
346033
358783
346416
352953
348701
345209
349688
353717
343014
348255
356164
347082
341435
352669

349151
