3-18-
8-
Y:  1  0  0  1  0  0  0  0  0  0  0  1  0  1  0  0  0  0  1  0  0 
 1  0  0  0  0  0  0  0  1  0  0  0  1  0  0  0  0  0  0  0  0 
3-4-0: 1
3-5-0: 1
3-11-0: 1
3-26-0: 1
3-27-0: 1
3-31-0: 1
3-32-0: 1
8-9-1: 1
8-10-1: 1
8-12-1: 1
8-16-1: 1
8-22-1: 1
8-30-1: 1
8-34-1: 1
11-7-0: 1
11-8-0: 1
11-17-0: 1
11-18-0: 1
11-23-0: 1
11-24-0: 1
11-29-0: 1
11-33-0: 1
12-2-1: 1
12-3-1: 1
12-6-1: 1
12-14-1: 1
12-15-1: 1
12-19-1: 1
12-20-1: 1
13-0-0: 1
13-1-0: 1
13-13-0: 1
13-21-0: 1
18-28-0: 1
169689
174696
168671
169797
177768
169778
169971
182924
178277
167153
179146
176309
178067
168538
173587

173625
