21-
17-18-
24-
Y:  1  0  0  0  0  0  0  0  0  1  0  0  0  0  0  0  0  0  0  0  0  1  0  0  0  0  0  0  0  0  0 
 1  0  0  0  0  0  0  0  0  0  0  0  0  0  0  0  0  1  1  0  0  0  0  0  0  0  0  0  0  0  0 
 1  0  0  0  0  0  0  0  0  0  0  0  0  0  1  0  0  0  0  0  0  0  0  0  1  0  0  0  0  0  0 
9-0-0: 1
9-8-0: 1
9-9-0: 1
9-16-0: 1
9-35-0: 1
9-39-0: 1
9-40-0: 1
9-48-0: 1
9-49-0: 1
14-7-2: 1
14-18-2: 1
14-24-2: 1
14-25-2: 1
14-26-2: 1
14-30-2: 1
14-34-2: 1
14-41-2: 1
14-45-2: 1
14-47-2: 1
14-50-2: 1
17-4-1: 1
17-5-1: 1
17-6-1: 1
17-10-1: 1
17-11-1: 1
17-13-1: 1
17-23-1: 1
17-27-1: 1
17-28-1: 1
17-29-1: 1
17-31-1: 1
17-46-1: 1
17-52-1: 1
18-44-1: 1
21-3-0: 1
21-12-0: 1
21-15-0: 1
21-19-0: 1
21-20-0: 1
21-21-0: 1
21-22-0: 1
21-37-0: 1
21-38-0: 1
21-43-0: 1
24-2-2: 1
24-14-2: 1
24-32-2: 1
24-33-2: 1
24-36-2: 1
24-42-2: 1
24-51-2: 1
277593
270914
270820
277406
272546
273483
277043
282676
277945
274545
279897
281632
265162
289922
278439

276668
