39-
1-8-
24-15-22-
17-
Y:  1  0  0  0  0  0  0  0  0  0  0  0  0  0  0  0  0  0  0  0  0  0  0  0  0  0  0  0  0  0  0  0  0  0  0  0  0  0  0  1  0 
 1  1  0  0  0  0  0  0  1  0  0  0  0  0  0  0  0  0  0  0  0  0  0  0  0  0  0  0  0  0  0  0  0  0  0  0  0  0  0  0  0 
 1  0  0  0  0  0  0  0  0  0  0  0  0  0  0  1  0  0  0  0  0  0  1  0  1  0  0  0  0  0  0  0  0  0  0  0  0  0  0  0  0 
 1  0  0  0  0  0  0  0  0  0  0  0  0  0  0  0  0  1  0  0  0  0  0  0  0  0  0  0  0  0  0  0  0  0  0  0  0  0  0  0  0 
1-1-1: 1
1-3-1: 1
1-26-1: 1
1-27-1: 1
1-34-1: 1
1-46-1: 1
1-49-1: 1
1-50-1: 1
1-51-1: 1
1-52-1: 1
8-10-1: 1
8-13-1: 1
8-19-1: 1
8-23-1: 1
8-40-1: 1
8-42-1: 1
8-45-1: 1
8-47-1: 1
8-48-1: 1
8-58-1: 1
15-5-2: 1
15-8-2: 1
15-14-2: 1
15-16-2: 1
15-21-2: 1
15-22-2: 1
15-25-2: 1
15-33-2: 1
15-36-2: 1
15-37-2: 1
15-56-2: 1
17-6-3: 1
17-7-3: 1
17-9-3: 1
17-15-3: 1
17-17-3: 1
17-18-3: 1
17-43-3: 1
17-44-3: 1
17-54-3: 1
17-60-3: 1
17-62-3: 1
17-63-3: 1
22-24-2: 1
22-29-2: 1
22-30-2: 1
22-31-2: 1
22-38-2: 1
22-39-2: 1
22-55-2: 1
22-57-2: 1
22-59-2: 1
39-0-0: 1
39-2-0: 1
39-4-0: 1
39-11-0: 1
39-12-0: 1
39-20-0: 1
39-28-0: 1
39-32-0: 1
39-35-0: 1
39-41-0: 1
39-53-0: 1
39-61-0: 1
327967
324390
319465
319082
325167
326540
327824
326090
328566
329968
320500
314298
321983
325118
329729

324446
