10-17-
5-
4-14-22-
 1  1  1 
 0  0  0 
 0  0  0 
 0  0  0 
 0  0  1 
 0  1  0 
 0  0  0 
 0  0  0 
 0  0  0 
 0  0  0 
 1  0  0 
 0  0  0 
 0  0  0 
 0  0  0 
 0  0  1 
 0  0  0 
 0  0  0 
 1  0  0 
 0  0  0 
 0  0  0 
 0  0  0 
 0  0  0 
 0  0  1 
 0  0  0 
 0  0  0 
 0  0  0 
 0  0  0 
 0  0  0 
 0  0  0 
 0  0  0 
 0  0  0 

4-6-2: 1
4-7-2: 1
4-10-2: 1
4-25-2: 1
4-32-2: 1
4-33-2: 1
4-42-2: 1
4-54-2: 1
4-55-2: 1
4-56-2: 1
5-1-1: 1
5-8-1: 1
5-11-1: 1
5-12-1: 1
5-13-1: 1
5-16-1: 1
5-17-1: 1
5-19-1: 1
5-20-1: 1
5-22-1: 1
5-23-1: 1
5-27-1: 1
5-34-1: 1
5-36-1: 1
5-43-1: 1
5-51-1: 1
5-52-1: 1
10-9-0: 1
10-14-0: 1
10-21-0: 1
10-28-0: 1
10-37-0: 1
10-50-0: 1
14-0-2: 1
14-2-2: 1
14-3-2: 1
14-15-2: 1
14-24-2: 1
14-29-2: 1
14-40-2: 1
14-53-2: 1
17-4-0: 1
17-5-0: 1
17-18-0: 1
17-26-0: 1
17-30-0: 1
17-31-0: 1
17-35-0: 1
17-38-0: 1
17-39-0: 1
17-45-0: 1
17-46-0: 1
17-47-0: 1
17-49-0: 1
17-57-0: 1
22-41-2: 1
22-44-2: 1
284902
272586
281321
275694
278477
285016
284891
281183
274717
277645
279398
284230
279078
280355
277700

279813
4-9-8-17-
15-
5-
Y:  1  0  0  0  1  0  0  0  1  1  0  0  0  0  0  0  0  1  0  0  0  0  0  0  0  0  0  0  0  0  0 
 1  0  0  0  0  0  0  0  0  0  0  0  0  0  0  1  0  0  0  0  0  0  0  0  0  0  0  0  0  0  0 
 1  0  0  0  0  1  0  0  0  0  0  0  0  0  0  0  0  0  0  0  0  0  0  0  0  0  0  0  0  0  0 
4-54-0: 1
4-55-0: 1
5-1-2: 1
5-6-2: 1
5-9-2: 1
5-13-2: 1
5-14-2: 1
5-18-2: 1
5-20-2: 1
5-21-2: 1
5-34-2: 1
5-35-2: 1
5-36-2: 1
5-41-2: 1
5-42-2: 1
5-44-2: 1
5-49-2: 1
5-50-2: 1
5-51-2: 1
5-52-2: 1
5-53-2: 1
5-57-2: 1
8-28-0: 1
9-0-0: 1
9-2-0: 1
9-15-0: 1
9-24-0: 1
9-29-0: 1
9-40-0: 1
15-7-1: 1
15-8-1: 1
15-10-1: 1
15-11-1: 1
15-12-1: 1
15-16-1: 1
15-17-1: 1
15-19-1: 1
15-22-1: 1
15-23-1: 1
15-25-1: 1
15-27-1: 1
15-32-1: 1
15-33-1: 1
15-43-1: 1
15-56-1: 1
17-4-0: 1
17-5-0: 1
17-26-0: 1
17-30-0: 1
17-31-0: 1
17-37-0: 1
17-38-0: 1
17-39-0: 1
17-45-0: 1
17-46-0: 1
17-47-0: 1
284725
273446
284041
278245
272307
275659
280733
280663
279385
278748
280548
281800
278121
286901
277700

279535
