25-
15-28-25-
11-16-30-
1-14-23-28-
Y:  1  0  0  0  0  0  0  0  0  0  0  0  0  0  0  0  0  0  0  0  0  0  0  0  0  1  0  0  0  0  0  0  0  0  0  0  0  0  0  0  0 
 1  0  0  0  0  0  0  0  0  0  0  0  0  0  0  1  0  0  0  0  0  0  0  0  0  1  0  0  1  0  0  0  0  0  0  0  0  0  0  0  0 
 1  0  0  0  0  0  0  0  0  0  0  1  0  0  0  0  1  0  0  0  0  0  0  0  0  0  0  0  0  0  1  0  0  0  0  0  0  0  0  0  0 
 1  1  0  0  0  0  0  0  0  0  0  0  0  0  1  0  0  0  0  0  0  0  0  1  0  0  0  0  1  0  0  0  0  0  0  0  0  0  0  0  0 
1-32-3: 1
1-33-3: 1
1-51-3: 1
1-71-3: 1
11-16-2: 1
11-20-2: 1
11-36-2: 1
11-49-2: 1
11-54-2: 1
14-24-3: 1
14-29-3: 1
14-50-3: 1
14-58-3: 1
14-61-3: 1
14-62-3: 1
15-0-1: 1
15-1-1: 1
15-8-1: 1
15-9-1: 1
15-10-1: 1
15-18-1: 1
15-27-1: 1
15-41-1: 1
15-45-1: 1
15-48-1: 1
15-52-1: 1
15-56-1: 1
15-70-1: 1
15-72-1: 1
15-73-1: 1
15-74-1: 1
16-3-2: 1
16-15-2: 1
16-21-2: 1
16-28-2: 1
16-34-2: 1
16-35-2: 1
16-57-2: 1
16-59-2: 1
16-60-2: 1
16-65-2: 1
23-5-3: 1
23-11-3: 1
23-12-3: 1
23-13-3: 1
23-25-3: 1
23-30-3: 1
23-31-3: 1
23-42-3: 1
23-43-3: 1
23-66-3: 1
25-7-0: 1
25-14-0: 1
25-17-0: 1
25-23-0: 1
25-38-0: 1
25-39-0: 1
25-46-0: 1
25-47-0: 1
25-53-0: 1
25-63-0: 1
25-68-0: 1
25-69-0: 1
28-6-1: 1
28-19-1: 1
28-26-1: 1
28-40-1: 1
30-4-2: 1
30-22-2: 1
30-37-2: 1
30-55-2: 1
30-67-2: 1
340040
335776
347343
338179
339167
342486
334744
342212
350732
338857
351839
352863
342718
342106
342542

342774
