17-
8-
12-15-29-
39-
 1  1  1  1 
 0  0  0  0 
 0  0  0  0 
 0  0  0  0 
 0  0  0  0 
 0  0  0  0 
 0  0  0  0 
 0  0  0  0 
 0  1  0  0 
 0  0  0  0 
 0  0  0  0 
 0  0  0  0 
 0  0  1  0 
 0  0  0  0 
 0  0  0  0 
 0  0  1  0 
 0  0  0  0 
 1  0  0  0 
 0  0  0  0 
 0  0  0  0 
 0  0  0  0 
 0  0  0  0 
 0  0  0  0 
 0  0  0  0 
 0  0  0  0 
 0  0  0  0 
 0  0  0  0 
 0  0  0  0 
 0  0  0  0 
 0  0  1  0 
 0  0  0  0 
 0  0  0  0 
 0  0  0  0 
 0  0  0  0 
 0  0  0  0 
 0  0  0  0 
 0  0  0  0 
 0  0  0  0 
 0  0  0  0 
 0  0  0  1 
 0  0  0  0 

8-2-1: 1
8-10-1: 1
8-11-1: 1
8-12-1: 1
8-13-1: 1
8-19-1: 1
8-23-1: 1
8-32-1: 1
8-34-1: 1
8-35-1: 1
8-39-1: 1
8-40-1: 1
8-41-1: 1
8-42-1: 1
8-45-1: 1
8-47-1: 1
8-48-1: 1
8-57-1: 1
8-58-1: 1
8-59-1: 1
12-14-2: 1
12-15-2: 1
12-17-2: 1
12-61-2: 1
15-5-2: 1
15-8-2: 1
15-16-2: 1
15-21-2: 1
15-22-2: 1
15-25-2: 1
15-33-2: 1
15-36-2: 1
15-37-2: 1
15-56-2: 1
17-1-0: 1
17-3-0: 1
17-7-0: 1
17-9-0: 1
17-18-0: 1
17-27-0: 1
17-49-0: 1
17-50-0: 1
17-51-0: 1
17-52-0: 1
17-60-0: 1
17-62-0: 1
17-63-0: 1
29-6-2: 1
29-26-2: 1
29-43-2: 1
29-44-2: 1
29-46-2: 1
29-54-2: 1
39-0-3: 1
39-4-3: 1
39-20-3: 1
39-24-3: 1
39-28-3: 1
39-29-3: 1
39-30-3: 1
39-31-3: 1
39-38-3: 1
39-53-3: 1
39-55-3: 1
314806
321189
323206
321026
327999
319270
326359
325108
324204
326371
322637
314298
322678
323535
331154

322923
6-15-39-
8-35-
22-
17-
Y:  1  0  0  0  0  0  1  0  0  0  0  0  0  0  0  1  0  0  0  0  0  0  0  0  0  0  0  0  0  0  0  0  0  0  0  0  0  0  0  1  0 
 1  0  0  0  0  0  0  0  1  0  0  0  0  0  0  0  0  0  0  0  0  0  0  0  0  0  0  0  0  0  0  0  0  0  0  1  0  0  0  0  0 
 1  0  0  0  0  0  0  0  0  0  0  0  0  0  0  0  0  0  0  0  0  0  1  0  0  0  0  0  0  0  0  0  0  0  0  0  0  0  0  0  0 
 1  0  0  0  0  0  0  0  0  0  0  0  0  0  0  0  0  1  0  0  0  0  0  0  0  0  0  0  0  0  0  0  0  0  0  0  0  0  0  0  0 
6-3-0: 1
6-6-0: 1
6-9-0: 1
6-26-0: 1
6-43-0: 1
6-44-0: 1
6-54-0: 1
6-60-0: 1
8-12-1: 1
8-13-1: 1
8-19-1: 1
8-23-1: 1
8-35-1: 1
8-40-1: 1
8-41-1: 1
8-42-1: 1
8-45-1: 1
8-47-1: 1
8-48-1: 1
8-58-1: 1
15-5-0: 1
15-8-0: 1
15-14-0: 1
15-15-0: 1
15-16-0: 1
15-21-0: 1
15-22-0: 1
15-25-0: 1
15-33-0: 1
15-36-0: 1
15-37-0: 1
15-56-0: 1
17-0-3: 1
17-7-3: 1
17-17-3: 1
17-18-3: 1
17-28-3: 1
17-62-3: 1
17-63-3: 1
22-2-2: 1
22-4-2: 1
22-10-2: 1
22-11-2: 1
22-20-2: 1
22-24-2: 1
22-29-2: 1
22-30-2: 1
22-31-2: 1
22-32-2: 1
22-38-2: 1
22-39-2: 1
22-53-2: 1
22-55-2: 1
22-57-2: 1
22-59-2: 1
22-61-2: 1
35-1-1: 1
35-27-1: 1
35-34-1: 1
35-46-1: 1
35-49-1: 1
35-50-1: 1
35-51-1: 1
35-52-1: 1
323017
324062
322756
321026
325490
322458
323140
323738
325706
326652
318125
314298
313627
321846
322735

321912
