34-
4-15-20-
18-27-40-
30-
Y:  1  0  0  0  0  0  0  0  0  0  0  0  0  0  0  0  0  0  0  0  0  0  0  0  0  0  0  0  0  0  0  0  0  0  1  0  0  0  0  0  0 
 1  0  0  0  1  0  0  0  0  0  0  0  0  0  0  1  0  0  0  0  1  0  0  0  0  0  0  0  0  0  0  0  0  0  0  0  0  0  0  0  0 
 1  0  0  0  0  0  0  0  0  0  0  0  0  0  0  0  0  0  1  0  0  0  0  0  0  0  0  1  0  0  0  0  0  0  0  0  0  0  0  0  1 
 1  0  0  0  0  0  0  0  0  0  0  0  0  0  0  0  0  0  0  0  0  0  0  0  0  0  0  0  0  0  1  0  0  0  0  0  0  0  0  0  0 
4-2-1: 1
4-5-1: 1
4-6-1: 1
4-7-1: 1
4-9-1: 1
4-27-1: 1
4-42-1: 1
4-49-1: 1
15-10-1: 1
15-21-1: 1
15-26-1: 1
15-30-1: 1
15-43-1: 1
15-53-1: 1
18-28-2: 1
18-29-2: 1
18-32-2: 1
18-33-2: 1
18-38-2: 1
18-57-2: 1
18-58-2: 1
18-74-2: 1
20-1-1: 1
20-31-1: 1
20-37-1: 1
20-52-1: 1
20-71-1: 1
20-72-1: 1
27-15-2: 1
27-17-2: 1
27-34-2: 1
27-35-2: 1
27-44-2: 1
27-45-2: 1
27-46-2: 1
27-50-2: 1
27-54-2: 1
27-64-2: 1
27-66-2: 1
30-0-3: 1
30-11-3: 1
30-12-3: 1
30-24-3: 1
30-36-3: 1
30-41-3: 1
30-51-3: 1
30-55-3: 1
30-59-3: 1
30-67-3: 1
30-68-3: 1
30-69-3: 1
30-70-3: 1
34-3-0: 1
34-4-0: 1
34-8-0: 1
34-13-0: 1
34-14-0: 1
34-18-0: 1
34-19-0: 1
34-20-0: 1
34-22-0: 1
34-23-0: 1
34-25-0: 1
34-39-0: 1
34-48-0: 1
34-56-0: 1
34-60-0: 1
34-61-0: 1
34-62-0: 1
34-63-0: 1
34-75-0: 1
34-76-0: 1
40-65-2: 1
353543
351104
343728
360919
362118
359766
356051
359538
361057
352149
348822
354059
349102
350410
356069

354562
