13-
18-
 1  1 
 0  0 
 0  0 
 0  0 
 0  0 
 0  0 
 0  0 
 0  0 
 0  0 
 0  0 
 0  0 
 0  0 
 0  0 
 1  0 
 0  0 
 0  0 
 0  0 
 0  0 
 0  1 
 0  0 
 0  0 

13-1-0: 1
13-2-0: 1
13-3-0: 1
13-6-0: 1
13-8-0: 1
13-9-0: 1
13-10-0: 1
13-12-0: 1
13-17-0: 1
13-18-0: 1
13-19-0: 1
13-22-0: 1
13-23-0: 1
13-29-0: 1
13-30-0: 1
13-32-0: 1
13-36-0: 1
13-37-0: 1
18-0-1: 1
18-4-1: 1
18-5-1: 1
18-7-1: 1
18-15-1: 1
18-16-1: 1
18-20-1: 1
18-21-1: 1
18-24-1: 1
18-25-1: 1
18-26-1: 1
18-33-1: 1
18-34-1: 1
18-35-1: 1
168274
163875
166671
158978
163474
164647
162449
170805
166892
169534
165019
162928
167224
167526
163355

165443
13-
18-
Y:  1  0  0  0  0  0  0  0  0  0  0  0  0  1  0  0  0  0  0  0  0 
 1  0  0  0  0  0  0  0  0  0  0  0  0  0  0  0  0  0  1  0  0 
13-1-0: 1
13-2-0: 1
13-3-0: 1
13-6-0: 1
13-8-0: 1
13-9-0: 1
13-10-0: 1
13-12-0: 1
13-17-0: 1
13-18-0: 1
13-19-0: 1
13-22-0: 1
13-23-0: 1
13-29-0: 1
13-30-0: 1
13-32-0: 1
13-36-0: 1
13-37-0: 1
18-0-1: 1
18-4-1: 1
18-5-1: 1
18-7-1: 1
18-15-1: 1
18-16-1: 1
18-20-1: 1
18-21-1: 1
18-24-1: 1
18-25-1: 1
18-26-1: 1
18-33-1: 1
18-34-1: 1
18-35-1: 1
168274
167182
166671
158978
163474
163680
167003
170805
167039
167832
165019
162928
163457
160362
159635

164823
