1-23-
12-39-
21-22-32-
9-25-26-
Y:  1  1  0  0  0  0  0  0  0  0  0  0  0  0  0  0  0  0  0  0  0  0  0  1  0  0  0  0  0  0  0  0  0  0  0  0  0  0  0  0  0 
 1  0  0  0  0  0  0  0  0  0  0  0  1  0  0  0  0  0  0  0  0  0  0  0  0  0  0  0  0  0  0  0  0  0  0  0  0  0  0  1  0 
 1  0  0  0  0  0  0  0  0  0  0  0  0  0  0  0  0  0  0  0  0  1  1  0  0  0  0  0  0  0  0  0  1  0  0  0  0  0  0  0  0 
 1  0  0  0  0  0  0  0  0  1  0  0  0  0  0  0  0  0  0  0  0  0  0  0  0  1  1  0  0  0  0  0  0  0  0  0  0  0  0  0  0 
1-33-0: 1
9-10-3: 1
9-13-3: 1
9-44-3: 1
9-61-3: 1
12-0-1: 1
12-14-1: 1
12-27-1: 1
12-41-1: 1
12-59-1: 1
12-64-1: 1
21-4-2: 1
21-7-2: 1
21-11-2: 1
21-16-2: 1
21-17-2: 1
21-19-2: 1
21-37-2: 1
21-39-2: 1
21-40-2: 1
21-42-2: 1
21-49-2: 1
21-50-2: 1
21-58-2: 1
21-62-2: 1
21-66-2: 1
21-67-2: 1
21-68-2: 1
21-69-2: 1
21-72-2: 1
21-73-2: 1
23-8-0: 1
23-15-0: 1
23-20-0: 1
23-22-0: 1
23-34-0: 1
23-43-0: 1
23-47-0: 1
23-48-0: 1
23-51-0: 1
23-56-0: 1
23-57-0: 1
23-65-0: 1
25-2-3: 1
25-3-3: 1
25-5-3: 1
25-9-3: 1
25-12-3: 1
25-21-3: 1
25-23-3: 1
25-24-3: 1
25-29-3: 1
25-32-3: 1
25-35-3: 1
25-36-3: 1
25-45-3: 1
25-46-3: 1
25-52-3: 1
25-63-3: 1
39-1-1: 1
39-6-1: 1
39-18-1: 1
39-25-1: 1
39-26-1: 1
39-30-1: 1
39-31-1: 1
39-38-1: 1
39-53-1: 1
39-54-1: 1
39-55-1: 1
39-60-1: 1
39-70-1: 1
39-71-1: 1
376148
379431
379875
388043
368172
379877
381128
375480
386690
373087
388222
385298
373108
382491
373116

379344
