15-2-8-4-
16-
 1  1 
 0  0 
 1  0 
 0  0 
 1  0 
 0  0 
 0  0 
 0  0 
 1  0 
 0  0 
 0  0 
 0  0 
 0  0 
 0  0 
 0  0 
 1  0 
 0  1 
 0  0 
 0  0 
 0  0 
 0  0 

2-3-0: 1
2-8-0: 1
2-18-0: 1
2-29-0: 1
2-31-0: 1
4-1-0: 1
4-5-0: 1
4-6-0: 1
4-19-0: 1
4-26-0: 1
8-2-0: 1
8-7-0: 1
8-13-0: 1
8-20-0: 1
8-21-0: 1
8-22-0: 1
8-23-0: 1
8-24-0: 1
8-35-0: 1
8-36-0: 1
16-4-1: 1
16-9-1: 1
16-10-1: 1
16-11-1: 1
16-12-1: 1
16-14-1: 1
16-15-1: 1
16-16-1: 1
16-17-1: 1
16-25-1: 1
16-27-1: 1
16-28-1: 1
16-30-1: 1
16-32-1: 1
16-33-1: 1
16-34-1: 1
16-37-1: 1
16-38-1: 1
193998
195963
195001
192408
196307
192948
196750
198224
197129
194395
193771
194636
191959
187403
197130

194535
7-
4-8-2-
Y:  1  0  0  0  0  0  0  1  0  0  0  0  0  0  0  0  0  0  0  0  0 
 1  0  1  0  1  0  0  0  1  0  0  0  0  0  0  0  0  0  0  0  0 
2-3-1: 1
2-8-1: 1
2-18-1: 1
2-29-1: 1
2-31-1: 1
4-1-1: 1
4-5-1: 1
4-6-1: 1
4-19-1: 1
4-26-1: 1
7-4-0: 1
7-9-0: 1
7-10-0: 1
7-11-0: 1
7-12-0: 1
7-14-0: 1
7-15-0: 1
7-16-0: 1
7-17-0: 1
7-25-0: 1
7-27-0: 1
7-28-0: 1
7-30-0: 1
7-32-0: 1
7-33-0: 1
7-34-0: 1
7-37-0: 1
7-38-0: 1
8-2-1: 1
8-7-1: 1
8-13-1: 1
8-20-1: 1
8-21-1: 1
8-22-1: 1
8-23-1: 1
8-24-1: 1
8-35-1: 1
8-36-1: 1
194023
195963
195002
194440
194638
192948
198794
197358
193770
194395
194910
194906
188749
187403
197358

194311
