31-
6-18-21-38-
27-33-
4-
 1  1  1  1 
 0  0  0  0 
 0  0  0  0 
 0  0  0  0 
 0  0  0  1 
 0  0  0  0 
 0  1  0  0 
 0  0  0  0 
 0  0  0  0 
 0  0  0  0 
 0  0  0  0 
 0  0  0  0 
 0  0  0  0 
 0  0  0  0 
 0  0  0  0 
 0  0  0  0 
 0  0  0  0 
 0  0  0  0 
 0  1  0  0 
 0  0  0  0 
 0  0  0  0 
 0  1  0  0 
 0  0  0  0 
 0  0  0  0 
 0  0  0  0 
 0  0  0  0 
 0  0  0  0 
 0  0  1  0 
 0  0  0  0 
 0  0  0  0 
 0  0  0  0 
 1  0  0  0 
 0  0  0  0 
 0  0  1  0 
 0  0  0  0 
 0  0  0  0 
 0  0  0  0 
 0  0  0  0 
 0  1  0  0 
 0  0  0  0 
 0  0  0  0 

4-0-3: 1
4-1-3: 1
4-3-3: 1
4-8-3: 1
4-15-3: 1
4-16-3: 1
4-24-3: 1
4-32-3: 1
4-33-3: 1
4-34-3: 1
4-37-3: 1
4-47-3: 1
4-56-3: 1
4-57-3: 1
4-63-3: 1
6-13-1: 1
6-38-1: 1
6-64-1: 1
18-4-1: 1
18-9-1: 1
18-26-1: 1
18-29-1: 1
18-30-1: 1
18-40-1: 1
18-43-1: 1
18-69-1: 1
21-7-1: 1
21-27-1: 1
21-35-1: 1
21-36-1: 1
21-49-1: 1
27-10-2: 1
27-55-2: 1
31-11-0: 1
31-12-0: 1
31-19-0: 1
31-23-0: 1
31-25-0: 1
31-41-0: 1
31-42-0: 1
31-53-0: 1
31-54-0: 1
31-58-0: 1
33-2-2: 1
33-5-2: 1
33-6-2: 1
33-14-2: 1
33-20-2: 1
33-21-2: 1
33-31-2: 1
33-39-2: 1
33-45-2: 1
33-46-2: 1
33-48-2: 1
33-52-2: 1
33-59-2: 1
33-60-2: 1
33-61-2: 1
33-62-2: 1
33-65-2: 1
33-67-2: 1
38-17-1: 1
38-18-1: 1
38-28-1: 1
38-66-1: 1
310711
324805
318930
314920
310545
309997
319191
310786
318459
315489
320601
312397
323415
322859
315682

316586
21-38-
6-
33-
31-
Y:  1  0  0  0  0  0  0  0  0  0  0  0  0  0  0  0  0  0  0  0  0  1  0  0  0  0  0  0  0  0  0  0  0  0  0  0  0  0  1  0  0 
 1  0  0  0  0  0  1  0  0  0  0  0  0  0  0  0  0  0  0  0  0  0  0  0  0  0  0  0  0  0  0  0  0  0  0  0  0  0  0  0  0 
 1  0  0  0  0  0  0  0  0  0  0  0  0  0  0  0  0  0  0  0  0  0  0  0  0  0  0  0  0  0  0  0  0  1  0  0  0  0  0  0  0 
 1  0  0  0  0  0  0  0  0  0  0  0  0  0  0  0  0  0  0  0  0  0  0  0  0  0  0  0  0  0  0  1  0  0  0  0  0  0  0  0  0 
6-1-1: 1
6-3-1: 1
6-4-1: 1
6-8-1: 1
6-9-1: 1
6-13-1: 1
6-15-1: 1
6-16-1: 1
6-26-1: 1
6-29-1: 1
6-30-1: 1
6-33-1: 1
6-37-1: 1
6-38-1: 1
6-39-1: 1
6-40-1: 1
6-43-1: 1
6-57-1: 1
6-64-1: 1
6-69-1: 1
21-7-0: 1
21-25-0: 1
21-27-0: 1
21-35-0: 1
21-36-0: 1
21-49-0: 1
31-0-3: 1
31-12-3: 1
31-23-3: 1
31-24-3: 1
31-34-3: 1
31-41-3: 1
31-42-3: 1
31-47-3: 1
31-53-3: 1
31-54-3: 1
31-56-3: 1
31-58-3: 1
31-63-3: 1
33-2-2: 1
33-5-2: 1
33-6-2: 1
33-10-2: 1
33-14-2: 1
33-19-2: 1
33-20-2: 1
33-21-2: 1
33-31-2: 1
33-45-2: 1
33-46-2: 1
33-48-2: 1
33-52-2: 1
33-55-2: 1
33-59-2: 1
33-60-2: 1
33-61-2: 1
33-62-2: 1
33-65-2: 1
33-67-2: 1
38-11-0: 1
38-17-0: 1
38-18-0: 1
38-28-0: 1
38-32-0: 1
38-66-0: 1
308554
314498
321522
313192
308610
309997
315787
323835
311384
305553
321617
323626
319021
317554
323978

315915
