7-
2-8-4-
Y:  1  0  0  0  0  0  0  1  0  0  0  0  0  0  0  0  0  0  0  0  0 
 1  0  1  0  1  0  0  0  1  0  0  0  0  0  0  0  0  0  0  0  0 
2-3-1: 1
2-8-1: 1
2-18-1: 1
2-29-1: 1
2-31-1: 1
4-1-1: 1
4-5-1: 1
4-6-1: 1
4-19-1: 1
4-26-1: 1
7-4-0: 1
7-9-0: 1
7-10-0: 1
7-11-0: 1
7-12-0: 1
7-14-0: 1
7-15-0: 1
7-16-0: 1
7-17-0: 1
7-25-0: 1
7-27-0: 1
7-28-0: 1
7-30-0: 1
7-32-0: 1
7-33-0: 1
7-34-0: 1
7-37-0: 1
7-38-0: 1
8-2-1: 1
8-7-1: 1
8-13-1: 1
8-20-1: 1
8-21-1: 1
8-22-1: 1
8-23-1: 1
8-24-1: 1
8-35-1: 1
8-36-1: 1
193770
195963
194359
197580
195687
192948
198794
198224
197129
197558
193771
194906
197582
187403
196154

195455
