10-27-
2-28-8-
7-20-
Y:  1  0  0  0  0  0  0  0  0  0  1  0  0  0  0  0  0  0  0  0  0  0  0  0  0  0  0  1  0  0  0 
 1  0  1  0  0  0  0  0  1  0  0  0  0  0  0  0  0  0  0  0  0  0  0  0  0  0  0  0  1  0  0 
 1  0  0  0  0  0  0  1  0  0  0  0  0  0  0  0  0  0  0  0  1  0  0  0  0  0  0  0  0  0  0 
2-12-1: 1
7-0-2: 1
7-1-2: 1
7-3-2: 1
7-8-2: 1
7-16-2: 1
7-17-2: 1
7-18-2: 1
7-22-2: 1
7-23-2: 1
7-28-2: 1
7-30-2: 1
7-33-2: 1
7-40-2: 1
8-4-1: 1
8-9-1: 1
8-11-1: 1
10-5-0: 1
10-19-0: 1
20-10-2: 1
20-15-2: 1
20-31-2: 1
20-38-2: 1
27-2-0: 1
27-7-0: 1
27-14-0: 1
27-21-0: 1
27-32-0: 1
27-34-0: 1
27-35-0: 1
27-36-0: 1
27-41-0: 1
27-42-0: 1
27-43-0: 1
27-46-0: 1
27-47-0: 1
28-6-1: 1
28-13-1: 1
28-20-1: 1
28-24-1: 1
28-25-1: 1
28-26-1: 1
28-27-1: 1
28-37-1: 1
28-39-1: 1
28-44-1: 1
28-45-1: 1
28-49-1: 1
241728
238325
229709
238332
228324
243913
241283
237396
236280
240213
233973
235392
241442
231966
233264

236769
