27-21-
24-3-17-
24-
Y:  1  0  0  0  0  0  0  0  0  0  0  0  0  0  0  0  0  0  0  0  0  1  0  0  0  0  0  1  0  0  0 
 1  0  0  1  0  0  0  0  0  0  0  0  0  0  0  0  0  1  0  0  0  0  0  0  1  0  0  0  0  0  0 
 1  0  0  0  0  0  0  0  0  0  0  0  0  0  0  0  0  0  0  0  0  0  0  0  1  0  0  0  0  0  0 
3-5-1: 1
3-24-1: 1
3-25-1: 1
3-26-1: 1
3-34-1: 1
3-41-1: 1
3-45-1: 1
3-46-1: 1
3-47-1: 1
3-50-1: 1
17-4-1: 1
17-10-1: 1
17-11-1: 1
17-13-1: 1
17-23-1: 1
17-27-1: 1
17-28-1: 1
17-29-1: 1
17-31-1: 1
17-52-1: 1
21-3-0: 1
21-6-0: 1
21-12-0: 1
21-15-0: 1
21-20-0: 1
21-21-0: 1
21-39-0: 1
24-2-2: 1
24-7-2: 1
24-14-2: 1
24-18-2: 1
24-30-2: 1
24-32-2: 1
24-33-2: 1
24-35-2: 1
24-36-2: 1
24-42-2: 1
24-44-2: 1
24-51-2: 1
27-0-0: 1
27-1-0: 1
27-9-0: 1
27-16-0: 1
27-19-0: 1
27-22-0: 1
27-37-0: 1
27-38-0: 1
27-43-0: 1
27-48-0: 1
27-49-0: 1
248209
246987
246600
245904
252540
245433
255836
256150
246896
249927
252234
245679
251121
257049
253814

250292
