38-
28-
3-23-
1-15-
 1  1  1  1 
 0  0  0  1 
 0  0  0  0 
 0  0  1  0 
 0  0  0  0 
 0  0  0  0 
 0  0  0  0 
 0  0  0  0 
 0  0  0  0 
 0  0  0  0 
 0  0  0  0 
 0  0  0  0 
 0  0  0  0 
 0  0  0  0 
 0  0  0  0 
 0  0  0  1 
 0  0  0  0 
 0  0  0  0 
 0  0  0  0 
 0  0  0  0 
 0  0  0  0 
 0  0  0  0 
 0  0  0  0 
 0  0  1  0 
 0  0  0  0 
 0  0  0  0 
 0  0  0  0 
 0  0  0  0 
 0  1  0  0 
 0  0  0  0 
 0  0  0  0 
 0  0  0  0 
 0  0  0  0 
 0  0  0  0 
 0  0  0  0 
 0  0  0  0 
 0  0  0  0 
 0  0  0  0 
 1  0  0  0 
 0  0  0  0 
 0  0  0  0 

1-0-3: 1
1-1-3: 1
1-8-3: 1
1-9-3: 1
1-10-3: 1
1-18-3: 1
1-24-3: 1
1-27-3: 1
1-32-3: 1
1-33-3: 1
1-45-3: 1
1-50-3: 1
1-51-3: 1
1-52-3: 1
1-56-3: 1
1-61-3: 1
1-71-3: 1
1-72-3: 1
1-73-3: 1
3-3-2: 1
3-4-2: 1
3-5-2: 1
3-15-2: 1
3-21-2: 1
3-28-2: 1
3-34-2: 1
3-37-2: 1
3-57-2: 1
3-59-2: 1
3-66-2: 1
15-74-3: 1
23-11-2: 1
23-12-2: 1
23-13-2: 1
23-25-2: 1
23-30-2: 1
23-31-2: 1
23-42-2: 1
23-43-2: 1
23-62-2: 1
28-19-1: 1
28-22-1: 1
28-29-1: 1
28-40-1: 1
28-41-1: 1
28-47-1: 1
28-48-1: 1
28-55-1: 1
28-58-1: 1
28-67-1: 1
28-70-1: 1
38-6-0: 1
38-7-0: 1
38-14-0: 1
38-16-0: 1
38-17-0: 1
38-23-0: 1
38-26-0: 1
38-36-0: 1
38-38-0: 1
38-39-0: 1
38-46-0: 1
38-49-0: 1
38-53-0: 1
38-54-0: 1
38-60-0: 1
38-63-0: 1
38-65-0: 1
38-68-0: 1
38-69-0: 1
345169
345086
352608
343619
345139
345563
344186
356158
349492
343506
350080
352025
340440
341371
352988

347162
5-7-34-19-
22-28-
25-26-
1-15-
Y:  1  0  0  0  0  1  0  1  0  0  0  0  0  0  0  0  0  0  0  1  0  0  0  0  0  0  0  0  0  0  0  0  0  0  1  0  0  0  0  0  0 
 1  0  0  0  0  0  0  0  0  0  0  0  0  0  0  0  0  0  0  0  0  0  1  0  0  0  0  0  1  0  0  0  0  0  0  0  0  0  0  0  0 
 1  0  0  0  0  0  0  0  0  0  0  0  0  0  0  0  0  0  0  0  0  0  0  0  0  1  1  0  0  0  0  0  0  0  0  0  0  0  0  0  0 
 1  1  0  0  0  0  0  0  0  0  0  0  0  0  0  1  0  0  0  0  0  0  0  0  0  0  0  0  0  0  0  0  0  0  0  0  0  0  0  0  0 
1-0-3: 1
1-1-3: 1
1-8-3: 1
1-9-3: 1
1-10-3: 1
1-18-3: 1
1-24-3: 1
1-27-3: 1
1-32-3: 1
1-33-3: 1
1-45-3: 1
1-50-3: 1
1-51-3: 1
1-52-3: 1
1-56-3: 1
1-61-3: 1
1-71-3: 1
1-72-3: 1
1-73-3: 1
7-25-0: 1
15-74-3: 1
19-3-0: 1
19-15-0: 1
19-16-0: 1
19-21-0: 1
19-28-0: 1
19-34-0: 1
19-35-0: 1
19-54-0: 1
19-57-0: 1
19-60-0: 1
22-19-1: 1
22-58-1: 1
22-70-1: 1
25-4-2: 1
25-7-2: 1
25-17-2: 1
25-22-2: 1
25-23-2: 1
25-38-2: 1
25-39-2: 1
25-46-2: 1
25-47-2: 1
25-49-2: 1
25-53-2: 1
25-55-2: 1
25-59-2: 1
25-63-2: 1
25-65-2: 1
25-67-2: 1
25-68-2: 1
25-69-2: 1
26-29-2: 1
26-62-2: 1
28-6-1: 1
28-14-1: 1
28-26-1: 1
28-40-1: 1
28-41-1: 1
28-48-1: 1
34-5-0: 1
34-11-0: 1
34-12-0: 1
34-13-0: 1
34-30-0: 1
34-37-0: 1
34-42-0: 1
34-43-0: 1
34-66-0: 1
334160
335379
349108
347719
350640
337931
346058
353837
339467
339525
350102
350962
342335
350303
354094

345441
