28-
4-9-10-17-
28-
Y:  1  0  0  0  0  0  0  0  0  0  0  0  0  0  0  0  0  0  0  0  0  0  0  0  0  0  0  0  1  0  0 
 1  0  0  0  1  0  0  0  0  1  1  0  0  0  0  0  0  1  0  0  0  0  0  0  0  0  0  0  0  0  0 
 1  0  0  0  0  0  0  0  0  0  0  0  0  0  0  0  0  0  0  0  0  0  0  0  0  0  0  0  1  0  0 
4-54-1: 1
4-55-1: 1
9-2-1: 1
9-15-1: 1
9-24-1: 1
9-29-1: 1
9-40-1: 1
10-28-1: 1
10-37-1: 1
17-4-1: 1
17-5-1: 1
17-26-1: 1
17-30-1: 1
17-31-1: 1
17-38-1: 1
17-39-1: 1
17-45-1: 1
17-46-1: 1
17-47-1: 1
17-49-1: 1
28-0-2: 1
28-1-0: 1
28-6-2: 1
28-7-0: 1
28-8-0: 1
28-9-2: 1
28-10-2: 1
28-11-2: 1
28-12-2: 1
28-13-0: 1
28-14-2: 1
28-16-0: 1
28-17-2: 1
28-18-2: 1
28-19-2: 1
28-20-2: 1
28-21-2: 1
28-22-0: 1
28-23-0: 1
28-25-2: 1
28-27-0: 1
28-32-0: 1
28-33-2: 1
28-34-2: 1
28-35-2: 1
28-36-0: 1
28-41-0: 1
28-42-2: 1
28-43-0: 1
28-44-0: 1
28-50-0: 1
28-51-0: 1
28-52-0: 1
28-53-2: 1
28-56-2: 1
28-57-2: 1
284282
272430
286120
279275
276607
277301
280733
282523
287638
284784
289279
288044
281756
286901
277226

282327
