29-
4-19-30-
12-15-
 1  1  1 
 0  0  0 
 0  0  0 
 0  0  0 
 0  1  0 
 0  0  0 
 0  0  0 
 0  0  0 
 0  0  0 
 0  0  0 
 0  0  0 
 0  0  0 
 0  0  1 
 0  0  0 
 0  0  0 
 0  0  1 
 0  0  0 
 0  0  0 
 0  0  0 
 0  1  0 
 0  0  0 
 0  0  0 
 0  0  0 
 0  0  0 
 0  0  0 
 0  0  0 
 0  0  0 
 0  0  0 
 0  0  0 
 1  0  0 
 0  1  0 

4-4-1: 1
12-46-2: 1
15-7-2: 1
15-11-2: 1
15-13-2: 1
15-14-2: 1
15-23-2: 1
15-24-2: 1
15-25-2: 1
15-32-2: 1
15-38-2: 1
15-41-2: 1
15-49-2: 1
19-0-1: 1
19-10-1: 1
19-18-1: 1
19-19-1: 1
19-31-1: 1
19-33-1: 1
19-34-1: 1
19-37-1: 1
19-39-1: 1
19-42-1: 1
19-47-1: 1
29-1-0: 1
29-3-0: 1
29-6-0: 1
29-8-0: 1
29-9-0: 1
29-12-0: 1
29-17-0: 1
29-20-0: 1
29-21-0: 1
29-26-0: 1
29-27-0: 1
29-28-0: 1
29-29-0: 1
29-30-0: 1
29-35-0: 1
29-36-0: 1
29-40-0: 1
29-44-0: 1
29-50-0: 1
29-51-0: 1
30-2-1: 1
30-5-1: 1
30-16-1: 1
30-43-1: 1
30-45-1: 1
30-48-1: 1
30-52-1: 1
30-53-1: 1
249337
248518
256895
242490
253371
254021
246908
251536
239904
255460
247970
256487
255399
260099
250116

251234
16-30-
7-
1-19-
Y:  1  0  0  0  0  0  0  0  0  0  0  0  0  0  0  0  1  0  0  0  0  0  0  0  0  0  0  0  0  0  1 
 1  0  0  0  0  0  0  1  0  0  0  0  0  0  0  0  0  0  0  0  0  0  0  0  0  0  0  0  0  0  0 
 1  1  0  0  0  0  0  0  0  0  0  0  0  0  0  0  0  0  0  1  0  0  0  0  0  0  0  0  0  0  0 
1-1-2: 1
1-4-2: 1
1-6-2: 1
1-20-2: 1
1-27-2: 1
1-36-2: 1
1-37-2: 1
1-50-2: 1
7-7-1: 1
7-11-1: 1
7-13-1: 1
7-14-1: 1
7-23-1: 1
7-24-1: 1
7-25-1: 1
7-29-1: 1
7-32-1: 1
7-38-1: 1
7-40-1: 1
7-41-1: 1
16-26-0: 1
16-30-0: 1
16-44-0: 1
16-48-0: 1
16-49-0: 1
16-51-0: 1
19-0-2: 1
19-10-2: 1
19-12-2: 1
19-18-2: 1
19-19-2: 1
19-31-2: 1
19-33-2: 1
19-34-2: 1
19-39-2: 1
19-42-2: 1
19-46-2: 1
19-47-2: 1
30-2-0: 1
30-3-0: 1
30-5-0: 1
30-8-0: 1
30-9-0: 1
30-16-0: 1
30-17-0: 1
30-21-0: 1
30-28-0: 1
30-35-0: 1
30-43-0: 1
30-45-0: 1
30-52-0: 1
30-53-0: 1
254124
238159
250687
248225
254171
245540
254650
245182
254757
255181
255553
252402
255399
252905
252744

251312
