18-19-
15-
30-
Y:  1  0  0  0  0  0  0  0  0  0  0  0  0  0  0  0  0  0  1  1  0  0  0  0  0  0  0  0  0  0  0 
 1  0  0  0  0  0  0  0  0  0  0  0  0  0  0  1  0  0  0  0  0  0  0  0  0  0  0  0  0  0  0 
 1  0  0  0  0  0  0  0  0  0  0  0  0  0  0  0  0  0  0  0  0  0  0  0  0  0  0  0  0  0  1 
15-6-1: 1
15-11-1: 1
15-13-1: 1
15-14-1: 1
15-23-1: 1
15-25-1: 1
15-26-1: 1
15-29-1: 1
15-38-1: 1
15-40-1: 1
15-41-1: 1
15-51-1: 1
18-7-0: 1
18-24-0: 1
18-32-0: 1
18-46-0: 1
19-0-0: 1
19-1-0: 1
19-10-0: 1
19-12-0: 1
19-18-0: 1
19-19-0: 1
19-20-0: 1
19-31-0: 1
19-33-0: 1
19-34-0: 1
19-36-0: 1
19-37-0: 1
19-39-0: 1
19-42-0: 1
19-47-0: 1
19-50-0: 1
30-2-2: 1
30-3-2: 1
30-4-2: 1
30-5-2: 1
30-8-2: 1
30-9-2: 1
30-16-2: 1
30-17-2: 1
30-21-2: 1
30-27-2: 1
30-28-2: 1
30-30-2: 1
30-35-2: 1
30-43-2: 1
30-44-2: 1
30-45-2: 1
30-48-2: 1
30-49-2: 1
30-52-2: 1
30-53-2: 1
253206
249516
245993
237665
252269
253308
253312
241362
242703
255181
244663
255180
255399
254728
254768

249950
