15-
28-12-14-17-38-
4-
6-30-33-40-
Y:  1  0  0  0  0  0  0  0  0  0  0  0  0  0  0  1  0  0  0  0  0  0  0  0  0  0  0  0  0  0  0  0  0  0  0  0  0  0  0  0  0 
 1  0  0  0  0  0  0  0  0  0  0  0  1  0  1  0  0  1  0  0  0  0  0  0  0  0  0  0  1  0  0  0  0  0  0  0  0  0  1  0  0 
 1  0  0  0  1  0  0  0  0  0  0  0  0  0  0  0  0  0  0  0  0  0  0  0  0  0  0  0  0  0  0  0  0  0  0  0  0  0  0  0  0 
 1  0  0  0  0  0  1  0  0  0  0  0  0  0  0  0  0  0  0  0  0  0  0  0  0  0  0  0  0  0  1  0  0  1  0  0  0  0  0  0  1 
4-0-2: 1
4-1-2: 1
4-3-2: 1
4-8-2: 1
4-10-2: 1
4-15-2: 1
4-16-2: 1
4-20-2: 1
4-24-2: 1
4-32-2: 1
4-33-2: 1
4-34-2: 1
4-37-2: 1
4-43-2: 1
4-47-2: 1
4-55-2: 1
4-56-2: 1
4-57-2: 1
4-63-2: 1
4-69-2: 1
6-4-3: 1
6-9-3: 1
6-13-3: 1
6-26-3: 1
6-29-3: 1
6-30-3: 1
6-38-3: 1
6-40-3: 1
6-64-3: 1
14-2-1: 1
14-6-1: 1
14-14-1: 1
14-22-1: 1
14-23-1: 1
14-48-1: 1
14-53-1: 1
15-12-0: 1
15-31-0: 1
15-41-0: 1
15-42-0: 1
15-45-0: 1
15-54-0: 1
15-58-0: 1
15-59-0: 1
15-60-0: 1
17-7-1: 1
17-27-1: 1
17-35-1: 1
17-36-1: 1
17-49-1: 1
17-50-1: 1
28-19-1: 1
30-5-3: 1
30-21-3: 1
30-39-3: 1
30-51-3: 1
30-52-3: 1
30-61-3: 1
30-65-3: 1
30-67-3: 1
30-68-3: 1
33-46-3: 1
33-62-3: 1
38-11-1: 1
38-17-1: 1
38-18-1: 1
38-25-1: 1
38-28-1: 1
38-66-1: 1
324064
311642
316668
302445
317515
309997
315360
317403
317210
315222
323752
316075
326064
322802
315593

316788
