8-
4-
23-
Y:  1  0  0  0  0  0  0  0  1  0  0  0  0  0  0  0  0  0  0  0  0  0  0  0  0  0  0  0  0  0  0 
 1  0  0  0  1  0  0  0  0  0  0  0  0  0  0  0  0  0  0  0  0  0  0  0  0  0  0  0  0  0  0 
 1  0  0  0  0  0  0  0  0  0  0  0  0  0  0  0  0  0  0  0  0  0  0  1  0  0  0  0  0  0  0 
4-0-1: 1
4-5-1: 1
4-13-1: 1
4-20-1: 1
4-24-1: 1
4-31-1: 1
4-32-1: 1
4-33-1: 1
4-34-1: 1
4-38-1: 1
4-43-1: 1
4-45-1: 1
4-46-1: 1
4-50-1: 1
8-2-0: 1
8-3-0: 1
8-4-0: 1
8-11-0: 1
8-12-0: 1
8-14-0: 1
8-15-0: 1
8-21-0: 1
8-22-0: 1
8-23-0: 1
8-29-0: 1
8-30-0: 1
8-37-0: 1
8-40-0: 1
8-44-0: 1
8-47-0: 1
8-51-0: 1
8-52-0: 1
8-53-0: 1
8-54-0: 1
23-1-2: 1
23-6-2: 1
23-7-2: 1
23-8-2: 1
23-9-2: 1
23-10-2: 1
23-17-2: 1
23-18-2: 1
23-19-2: 1
23-25-2: 1
23-26-2: 1
23-27-2: 1
23-35-2: 1
23-36-2: 1
23-39-2: 1
23-41-2: 1
23-42-2: 1
23-48-2: 1
23-49-2: 1
263384
264582
267288
260444
262028
259159
261800
261693
263473
253541
265930
261172
259110
267114
267058

262518
