3
30
-618.37 449.97
673.07 720.94
-732.57 -161.43
259.16 223.58
10.921 -23.304
16.438 170.3
422.71 -345.79
-187.9 171.28
132.67 437.3
-302.3 60.648
61.81 -548.77
-687.58 327.87
150.98 -218.95
196.89 646.76
63.845 -73.51
-225.44 797.45
-611.67 -194.42
534.65 78.103
-265.44 -371.56
-508.65 324.29
-821.6 158.61
20.314 43.156
-149.76 -96.2
-181.46 64.108
-529.78 -680.17
-72.705 -465.66
-143.08 401.28
24.818 19.903
533.93 302.64
61.72 132.69
58
-97.171 747.52
-150.06 -166.23
-17.985 1102.8
291.22 1285.2
-1061.4 -201.31
-1317.8 -417.92
266.56 229.07
750.14 300.34
8.2642 -75.023
-622.13 287.73
562.17 287.04
72.983 -701.91
509.27 -276.52
-177.01 102.97
-233.44 242.74
92.519 431.11
155.96 -36.553
65.558 -21.38
-503.37 -44.429
51.399 -530.4
-155.4 -227.67
-294.6 200.1
207.38 -56.581
-51.503 -423.69
156.08 768.31
343.8 184.75
-683.14 117.14
47.282 -120.89
-809.15 624.64
-338.98 974.44
-1126.5 -121.29
-552.03 -187.24
243.54 99.932
589.73 99.945
-267.84 -205.76
-412.82 -226.15
-164.7 -50.447
-738.13 305.34
-603.47 -409.05
-699.48 -255.45
150.93 746.57
-3.9835 68.27
372.66 417.07
180.38 -41.62
-102.92 187.79
-618.34 -296.27
-997.5 -427.33
-480.41 -388.45
253.87 -1177
-458.54 -266.54
-222.37 330.56
-53.064 -90.544
-284.81 -317.9
-344.74 582.87
857.64 399.57
963.84 340.39
667.32 326.87
-433.02 -479.05
