3
30
472.88 86.392
156.16 598.63
139.79 783.16
155.67 101.34
195.09 470.52
815.39 -367.09
-94.668 -43.397
-14.063 -56.04
-724.78 -164.35
373.78 791.11
850.62 138.8
-66.678 -34.436
-648.24 -381.52
266.22 -303.85
-99.015 -57.902
-164.3 214.21
56.561 -30.877
241.48 -312.51
664.46 -161.06
-678.51 185.74
10.974 86.732
-262.8 -866.08
-143.25 -145.23
152.95 -388.53
-567.92 519.58
384.37 495.34
370.98 -640.53
-247.94 712.32
-25.394 15.663
-72.192 531.49
54
881.53 46.274
508.91 76.807
366.44 760.1
169.78 675.88
668.81 517.89
-625.88 723.9
195.56 129.6
204.35 -627.81
129.6 525.35
204.93 480.32
815.11 -504.71
6.9546 -623.95
472.95 -138.16
-79.46 -121.15
-875.42 -180.74
-977.05 -366.34
331.35 797.27
41.7 395.38
726.84 -312.04
1225 -377.37
452.41 194.32
-18.553 460.08
-1268.9 -772.2
-29.875 -563.29
219.28 -526.93
-589.54 -339.72
-102.5 109.83
602.14 375.89
121.49 486.02
92.661 -119.09
-163.48 330.07
922.19 -644.36
92.503 -628.2
989.19 97.041
980.23 -168.02
-89.62 421.98
621.53 130.15
763.59 183.41
-477.2 -155.2
611.24 -16.188
81.311 -54.342
-344.17 -445.08
818.53 -631.56
-442.07 1160
-302.39 415.19
258.87 868.71
386.06 -385.44
1017.9 -749.31
-741.77 429.95
-394.67 301.72
412.64 29.758
-83.411 106.98
-184.43 677.57
583.99 974.43
