4
40
-596.74 -344.37
326.9 -291.83
762.13 -125.59
94.448 -380.46
195.82 217.73
38.334 -931.98
-14.069 219.96
101.44 -202.39
-136.33 971.44
363.47 573.42
384.79 112.96
173.18 -615.9
51.861 -15.701
-156.18 235.25
-139.18 -574.69
-775.61 257.55
-463.64 -660.08
-327.43 448.86
254.22 431.15
-353.3 -216.46
50.608 437.34
-894.54 354.19
-39.424 -62.98
296.49 589.16
613.59 420.86
431.69 39.41
254.98 671.96
-540.72 -552.29
52.271 347.38
-42.217 -15.603
-597.31 710.3
-196.57 -91.535
40.639 272.24
71.081 52.002
675.06 281.94
71.305 285.03
-71.324 -67.489
-390.42 -475.61
-611.18 610.42
213.19 80.01
77
-394.09 -14.704
-813.84 -114.36
417 -620.5
786.64 41.127
305.93 67.003
123.47 -388.37
40.833 -424.99
332.81 -446.83
748.1 -102.52
382.07 -818.64
-683.31 -1019.7
55.126 -219.26
-508.67 129.31
400.34 -232.05
206.38 -182.56
368.07 1335.5
-347.76 1606.1
1002.7 486.1
-25.733 398.58
468.64 271.04
358.15 173.77
15.974 -563.99
137.07 407.84
343.32 392.02
-171.84 166.13
273.19 -50.565
-139.1 -469.94
570.76 -862.95
-827.51 318.77
-803.35 291.82
-413.4 -1002.8
-664.45 -230.83
-957.47 509.32
-650.55 335.18
363.91 650.65
221.44 532.98
-184.57 -87.257
-364.83 -210.24
-436.4 779.8
447.24 -16.183
-925.28 1061.1
-762.25 148.46
119.43 -642.16
-230.69 -503.86
412.79 1067.6
102.18 833.75
394.62 576.29
1200.7 830.61
377.49 3.8503
508.73 -622.74
277.99 654.96
-231.89 189.09
-1066.6 -305.65
-568.71 -722.99
468.4 720.04
-346.36 -121.55
121.68 -131.79
-496.88 347.22
-541.6 815.71
-177.61 -49.514
437.34 72.495
20.831 265.7
40.201 458.38
94.611 355.84
497.21 688.08
898.49 -82.437
601.93 998.95
93.034 -250.69
-312.53 -42.362
-103.92 -7.3322
-78.42 -64.102
-384.12 -440.25
-497.92 -131.34
-892.16 1191
-766.55 767.52
79.26 327.7
491.41 228.61
