4
40
346.97 -24.098
518.33 853.02
-206.17 508.52
-309.1 -597.83
253.02 -19.55
-90.281 373.35
297.9 158.86
-147.67 -345.06
-855.99 350.73
379.49 -395.12
-712.91 2.373
-903.04 15.874
66.612 229.37
309.21 327.99
122.19 -41.654
-456.01 390.19
327.9 883.92
654.76 -217.29
-375.49 642.25
-642.98 57.304
-308.88 -203.57
24.998 -19.886
324.11 588.03
970.45 213.85
-47.256 -14.904
3.789 -2.6023
975.81 92.445
-3.0995 -30.314
-241.07 27.509
-129.52 248.26
165.33 278.38
214.65 64.976
-631.45 750.93
62.194 562.35
-417.19 -414.27
-49.091 288.27
20.969 -469.06
-322.75 -94.148
767.2 -442.03
264.09 -38.685
75
242.38 138.92
633.77 -463.74
1263 774.62
-176.89 1022
-206.85 500.43
-37.618 699.58
-116.83 -726.81
-582.02 -590.69
461.24 111.18
415.27 -354.31
346.69 -13.698
433.43 961.97
228.55 935.91
233.89 748.42
-179.95 -502.14
-386.6 801.97
-862.44 323.04
-344.53 -368.88
362.12 -191.21
45.821 -86.408
-1448.1 62.09
-905.7 589.14
-135.68 279.12
-391.26 -103.04
256.2 323.51
934.11 639.86
-123.33 -710.19
539.61 -643.91
-190.41 689.14
123.39 377.19
328.39 886.4
753.05 1189.7
1048.2 -31.093
829.81 -502.73
-647.49 906
-989 943.32
-1016.5 -346.94
-53.988 496.63
-301.77 -227.64
-338.45 -231.78
14.167 -114.81
35.972 -314.3
433.46 1187.1
318.55 580.23
1526.5 584.06
886.87 185.75
-148.18 -141.48
-70.906 41.994
64.321 -182.21
-575.22 -229.48
1038.8 285.51
906.17 61.806
484.27 -345.66
-217.03 24.826
-995.93 277.71
-117.82 222.5
282.82 107.69
-298.41 658.58
166.99 325.37
-252.84 419.22
-692.58 469.47
519 247.7
203.21 453.21
-401.78 -320.9
-973.45 -793.68
-639 318.89
9.6095 764.44
-113.22 220.84
-454.83 -596.08
-428.19 87.665
178.4 -373.19
1005.2 -388.97
635.66 -264.39
258.5 -25.739
201.76 -66.2
