
6-30-
23-
25-
 1  1  1  1 
 0  0  0  0 
 0  0  0  0 
 0  0  0  0 
 0  0  0  0 
 0  0  1  0 
 0  1  0  1 
 0  0  0  0 
 0  0  0  0 
 0  0  0  0 
 0  0  0  0 
 1  0  0  0 
 0  0  0  0 
 0  0  0  0 
 0  0  0  0 
 0  0  0  0 
 0  0  0  0 
 0  0  0  0 
 0  0  0  0 
 0  0  0  0 
 0  0  0  0 
 0  0  0  0 
 0  0  0  0 
 0  1  1  0 
 0  0  0  0 
 0  0  0  1 
 0  0  0  0 
 0  0  0  1 
 0  0  0  0 
 0  0  0  0 
 0  1  0  0 
 0  0  0  0 
 0  0  0  0 
 0  0  0  0 
 0  0  0  0 
 0  0  0  0 
 0  0  0  0 
 0  0  0  0 
 0  0  0  0 
 0  0  0  0 
 0  0  0  0 

5-0-2: 1
5-1-2: 1
5-8-2: 1
5-9-2: 1
5-10-2: 1
5-18-2: 1
5-27-2: 1
5-41-2: 1
5-48-2: 1
5-52-2: 1
5-56-2: 1
5-61-2: 1
5-70-2: 1
5-72-2: 1
5-73-2: 1
5-74-2: 1
6-3-1: 1
6-4-1: 1
6-5-1: 1
6-15-1: 1
6-28-1: 1
6-29-1: 1
6-34-1: 1
6-37-1: 1
6-57-1: 1
6-58-1: 1
6-59-1: 1
11-7-0: 1
11-16-0: 1
11-20-0: 1
11-21-0: 1
11-23-0: 1
11-36-0: 1
11-49-0: 1
11-54-0: 1
11-60-0: 1
11-63-0: 1
11-65-0: 1
11-68-0: 1
11-69-0: 1
23-11-1: 1
23-12-1: 1
23-13-1: 1
23-24-1: 1
23-30-1: 1
23-31-2: 1
23-42-2: 1
23-43-1: 1
23-62-2: 1
23-66-2: 1
25-6-3: 1
25-14-3: 1
25-17-3: 1
25-19-3: 1
25-26-3: 1
25-38-3: 1
25-39-3: 1
25-40-3: 1
25-46-3: 1
25-47-3: 1
25-53-3: 1
27-2-3: 1
27-25-3: 1
27-32-3: 1
27-33-3: 1
27-44-3: 1
27-45-3: 1
27-50-3: 1
27-51-3: 1
27-71-3: 1
30-22-1: 1
30-55-1: 1
30-67-1: 1
379315
383505
382288
393256
374277
381349
383135
384476
360381
380496
379263
384624
382865
385981
392691

381860
