5-
23-
9-22-
 1  1  1 
 0  0  0 
 0  0  0 
 0  0  0 
 0  0  1 
 1  0  0 
 0  0  0 
 1  0  0 
 0  0  0 
 0  0  1 
 0  0  0 
 0  0  0 
 0  0  0 
 0  0  0 
 0  0  0 
 0  0  0 
 1  0  0 
 0  1  0 
 0  0  1 
 1  0  0 
 1  0  0 
 0  0  0 
 0  0  1 
 0  1  0 
 0  0  1 
 0  0  0 
 0  0  0 
 0  0  0 
 0  0  0 
 0  0  0 
 0  0  0 

4-6-2: 1
4-25-2: 1
4-32-2: 1
4-42-2: 1
5-8-0: 1
5-16-0: 1
5-17-0: 1
5-22-0: 1
5-27-0: 1
7-12-0: 1
9-15-2: 1
9-24-2: 1
9-40-2: 1
16-0-0: 1
16-2-0: 1
16-3-0: 1
16-29-0: 1
16-53-0: 1
17-4-1: 1
17-5-1: 1
17-18-1: 1
17-30-1: 1
17-31-1: 1
17-35-1: 1
17-38-1: 1
17-39-1: 1
17-45-1: 1
17-46-1: 1
17-47-1: 1
17-49-1: 1
18-7-2: 1
18-10-2: 1
18-33-2: 1
18-54-2: 1
18-55-2: 1
18-56-2: 1
19-11-0: 1
19-19-0: 1
19-23-0: 1
19-52-0: 1
19-57-0: 1
20-9-0: 1
20-26-0: 1
20-28-0: 1
20-37-0: 1
22-41-2: 1
22-43-2: 1
23-1-1: 1
23-20-1: 1
23-34-1: 1
23-36-1: 1
23-51-1: 1
24-13-2: 1
24-14-2: 1
24-21-2: 1
24-44-2: 1
24-50-2: 1
300742
315560
314947
310194
313132
296618
309360
306199
304718
312130
309959
311588
314027
314936
291493

308374
