8-
14-
7-
 1  1  1 
 0  0  0 
 0  0  0 
 0  0  0 
 0  0  0 
 0  1  0 
 0  0  0 
 0  0  1 
 1  0  0 
 1  0  0 
 0  0  0 
 0  0  0 
 0  0  0 
 0  0  0 
 1  1  0 
 0  0  0 
 0  0  0 
 0  0  0 
 0  0  0 
 0  0  0 
 0  0  0 
 0  0  0 
 1  0  0 
 0  0  0 
 0  0  0 
 0  0  0 
 0  0  0 
 0  0  0 
 0  0  0 
 0  0  0 
 0  0  0 

5-7-1: 1
5-14-1: 1
5-16-1: 1
5-21-1: 1
5-33-1: 1
5-34-1: 1
5-36-1: 1
5-42-1: 1
5-43-1: 1
5-46-1: 1
5-47-1: 1
7-1-2: 1
7-8-2: 1
7-10-2: 1
7-15-2: 1
7-17-2: 1
7-18-2: 1
7-22-2: 1
7-23-2: 1
7-30-2: 1
7-31-2: 1
7-40-2: 1
8-4-0: 1
8-20-0: 1
8-25-0: 1
8-37-0: 1
9-0-0: 1
9-9-0: 1
9-11-0: 1
9-26-0: 1
9-27-0: 1
9-28-0: 1
9-29-0: 1
9-38-0: 1
9-39-0: 1
9-45-0: 1
9-48-0: 1
9-49-0: 1
14-5-1: 1
14-6-1: 1
14-12-1: 1
14-19-1: 1
14-24-1: 1
14-35-1: 1
14-44-1: 1
22-2-0: 1
22-3-0: 1
22-32-0: 1
22-41-0: 1
255806
258262
257144
263550
252590
269910
263998
261926
248373
272442
259446
264113
258513
257637
254857

259904
