18-20-
8-
 1  1 
 0  0 
 0  0 
 0  0 
 0  0 
 0  0 
 0  0 
 0  0 
 0  1 
 0  0 
 0  0 
 0  0 
 0  0 
 0  0 
 1  0 
 0  0 
 0  0 
 0  0 
 1  0 
 1  0 
 1  0 

8-3-1: 1
8-4-1: 1
8-5-1: 1
8-8-1: 1
8-9-1: 1
8-12-1: 1
8-16-1: 1
8-22-1: 1
8-23-1: 1
8-27-1: 1
8-31-1: 1
8-32-1: 1
8-34-1: 1
14-6-0: 1
14-7-0: 1
14-17-0: 1
14-18-0: 1
14-24-0: 1
14-33-0: 1
18-0-0: 1
18-13-0: 1
18-21-0: 1
18-28-0: 1
18-29-0: 1
19-2-0: 1
19-10-0: 1
19-11-0: 1
19-14-0: 1
19-15-0: 1
19-19-0: 1
19-20-0: 1
19-26-0: 1
19-30-0: 1
175286
182720
177385
177826
175953
175778
173639
173773
172277
172447
173146
177109
181453
166099
167509

174827
