29-
4-
12-
 1  1  1 
 0  0  0 
 0  0  0 
 0  0  0 
 0  1  0 
 0  0  0 
 0  0  0 
 0  0  0 
 0  0  0 
 0  0  0 
 0  0  0 
 0  0  0 
 0  0  1 
 0  0  0 
 0  0  0 
 0  0  0 
 0  0  0 
 0  0  0 
 0  0  0 
 1  0  0 
 0  0  1 
 0  0  0 
 0  0  0 
 0  0  0 
 0  0  0 
 0  0  0 
 0  0  0 
 0  0  0 
 0  0  0 
 1  0  0 
 0  0  0 

4-2-1: 1
4-3-1: 1
4-4-1: 1
4-6-1: 1
4-8-1: 1
4-9-1: 1
4-16-1: 1
4-17-1: 1
4-20-1: 1
4-21-1: 1
4-27-1: 1
4-28-1: 1
4-35-1: 1
4-45-1: 1
4-50-1: 1
4-52-1: 1
12-7-2: 1
12-11-2: 1
12-13-2: 1
12-23-2: 1
12-24-2: 1
12-32-2: 1
12-41-2: 1
19-0-0: 1
19-1-0: 1
19-10-0: 1
19-12-0: 1
19-18-0: 1
19-19-0: 1
19-31-0: 1
19-33-0: 1
19-34-0: 1
19-36-0: 1
19-37-0: 1
19-39-0: 1
19-42-0: 1
19-46-0: 1
19-47-0: 1
20-5-2: 1
20-14-2: 1
20-15-2: 1
20-25-2: 1
20-38-2: 1
20-44-2: 1
20-48-2: 1
20-49-2: 1
29-26-0: 1
29-29-0: 1
29-30-0: 1
29-40-0: 1
29-51-0: 1
274644
276881
274201
286337
278511
276608
278578
273928
278068
281314
275032
282014
270488
294375
279384

278691
