23-

3-
 1  1  1 
 0  0  0 
 0  0  0 
 0  0  1 
 0  0  0 
 0  0  0 
 0  0  0 
 0  0  0 
 0  0  0 
 0  0  1 
 0  0  0 
 0  0  0 
 0  0  1 
 0  0  0 
 0  0  0 
 0  0  0 
 0  1  0 
 0  0  0 
 0  0  0 
 0  0  0 
 0  1  0 
 1  0  0 
 0  0  0 
 1  0  0 
 0  0  0 
 0  0  0 
 0  0  0 
 0  0  0 
 0  0  0 
 0  0  0 
 0  0  0 

3-5-2: 1
3-7-2: 1
3-24-2: 1
3-25-2: 1
3-26-2: 1
3-28-2: 1
3-30-2: 1
3-31-2: 1
3-34-2: 1
3-41-2: 1
3-45-2: 1
3-46-2: 1
3-47-2: 1
3-50-2: 1
9-0-2: 1
9-9-2: 1
9-16-2: 1
9-40-2: 1
9-48-2: 1
9-49-2: 1
16-3-1: 1
16-4-1: 1
16-6-1: 1
16-10-1: 1
16-11-1: 1
16-13-1: 1
16-23-1: 1
16-27-1: 1
16-29-1: 1
16-52-1: 1
20-2-1: 1
20-8-1: 1
20-14-1: 1
20-18-1: 1
20-32-1: 1
20-35-1: 1
20-36-1: 1
20-39-1: 1
20-42-1: 1
20-51-1: 1
21-15-0: 1
21-21-0: 1
21-33-0: 1
21-44-0: 1
23-12-0: 1
23-19-0: 1
23-20-0: 1
23-22-0: 1
23-37-0: 1
23-38-0: 1
23-43-0: 1
267214
269418
277143
277540
279374
273145
271791
282676
287269
266306
275935
273965
279144
284042
272439

275827
