25-


5-32-
 1  1  1  1 
 1  0  0  0 
 0  1  0  0 
 0  0  0  0 
 0  0  0  0 
 1  0  0  1 
 0  0  0  0 
 0  0  0  0 
 0  0  0  1 
 0  0  0  0 
 0  0  0  0 
 0  0  1  0 
 0  0  0  0 
 0  0  0  0 
 0  0  0  0 
 0  0  0  0 
 1  0  0  0 
 0  0  0  0 
 0  0  0  0 
 0  0  0  0 
 0  0  0  0 
 0  0  0  0 
 0  0  0  0 
 0  0  0  0 
 0  0  0  0 
 1  0  0  0 
 0  0  0  0 
 0  0  0  0 
 0  0  0  0 
 0  0  0  1 
 0  0  0  0 
 0  0  0  0 
 0  1  0  1 
 0  0  0  0 
 0  0  0  0 
 0  0  0  0 
 0  0  0  0 
 0  0  0  0 
 0  0  0  0 
 0  0  0  0 
 0  0  0  0 

1-1-0: 1
1-8-0: 1
1-10-0: 1
1-32-0: 1
1-33-0: 1
1-45-0: 1
1-51-0: 1
1-71-0: 1
1-72-0: 1
2-2-1: 1
2-3-1: 1
2-5-1: 1
2-11-1: 1
2-12-1: 1
2-13-1: 1
2-25-1: 1
2-30-1: 1
2-31-1: 1
2-42-1: 1
2-43-1: 1
2-50-1: 1
2-66-1: 1
5-9-3: 1
5-18-3: 1
5-27-3: 1
5-48-3: 1
5-52-3: 1
5-73-3: 1
5-74-3: 1
8-6-3: 1
8-14-3: 1
8-17-3: 1
8-26-3: 1
8-38-3: 1
8-41-3: 1
8-68-3: 1
8-70-3: 1
11-7-2: 1
11-16-2: 1
11-20-2: 1
11-21-2: 1
11-23-2: 1
11-36-2: 1
11-39-2: 1
11-49-2: 1
11-54-2: 1
11-60-2: 1
11-63-2: 1
11-65-2: 1
11-69-2: 1
16-4-0: 1
16-15-0: 1
16-28-0: 1
16-34-0: 1
16-35-0: 1
16-37-0: 1
16-57-0: 1
16-59-0: 1
25-19-0: 1
25-40-0: 1
25-47-0: 1
29-22-3: 1
29-46-3: 1
29-53-3: 1
29-55-3: 1
29-67-3: 1
32-0-1: 1
32-24-1: 1
32-29-1: 1
32-56-1: 1
32-58-1: 1
32-61-1: 1
32-62-1: 1
385839
392582
424601
374203
398998
379841
394920
385626
385760
395925
386503
389427
385200
394838
392892

391144
