4-
16-
39-

 1  1  1  1 
 0  0  0  0 
 0  0  0  0 
 0  0  0  0 
 1  0  0  0 
 0  0  0  0 
 0  0  0  0 
 0  0  0  0 
 0  0  0  0 
 0  1  0  0 
 0  0  0  0 
 0  0  0  0 
 0  0  0  0 
 0  0  0  0 
 0  0  0  0 
 0  0  0  0 
 0  1  0  0 
 0  0  0  0 
 0  1  0  0 
 0  0  0  0 
 0  0  0  0 
 0  0  0  1 
 0  0  0  0 
 0  0  0  1 
 1  0  0  0 
 0  0  0  0 
 0  0  0  0 
 0  0  0  0 
 0  0  0  0 
 1  0  0  0 
 0  0  0  0 
 0  0  0  0 
 0  0  0  0 
 0  0  0  0 
 0  0  0  0 
 0  0  0  0 
 0  0  0  0 
 0  0  0  0 
 0  0  0  0 
 0  0  1  0 
 0  0  0  0 

9-10-1: 1
9-13-1: 1
9-44-1: 1
9-61-1: 1
18-2-1: 1
18-3-1: 1
18-5-1: 1
18-9-1: 1
18-12-1: 1
18-21-1: 1
18-23-1: 1
18-24-1: 1
18-29-1: 1
18-32-1: 1
18-35-1: 1
18-36-1: 1
18-45-1: 1
18-46-1: 1
18-52-1: 1
18-63-1: 1
21-8-3: 1
21-16-3: 1
21-17-3: 1
21-19-3: 1
21-40-3: 1
21-42-3: 1
21-56-3: 1
21-62-3: 1
21-65-3: 1
21-67-3: 1
21-72-3: 1
23-15-3: 1
23-20-3: 1
23-22-3: 1
23-33-3: 1
23-34-3: 1
23-43-3: 1
23-47-3: 1
23-48-3: 1
23-51-3: 1
24-0-0: 1
24-4-0: 1
24-7-0: 1
24-11-0: 1
24-14-0: 1
24-37-0: 1
24-39-0: 1
24-41-0: 1
24-49-0: 1
24-50-0: 1
24-58-0: 1
24-59-0: 1
24-64-0: 1
24-66-0: 1
24-68-0: 1
24-69-0: 1
24-73-0: 1
29-6-0: 1
29-18-0: 1
29-27-0: 1
39-1-2: 1
39-25-2: 1
39-26-2: 1
39-30-2: 1
39-31-2: 1
39-38-2: 1
39-53-2: 1
39-54-2: 1
39-55-2: 1
39-57-2: 1
39-60-2: 1
39-70-2: 1
39-71-2: 1
381296
394522
411894
406168
385214
420377
407372
401183
406965
399383
401757
411678
397619
402085
415521

402869
