
35-
39-
24-
 1  1  1  1 
 0  0  0  0 
 0  0  0  0 
 0  0  0  0 
 0  0  0  0 
 0  0  0  0 
 0  0  0  0 
 0  0  0  0 
 0  0  1  0 
 0  0  0  0 
 0  0  0  1 
 0  0  0  0 
 0  0  0  0 
 0  0  0  0 
 0  0  1  0 
 0  0  0  0 
 0  0  0  0 
 0  0  0  0 
 1  0  0  0 
 0  0  0  0 
 0  1  0  0 
 0  0  0  0 
 0  0  0  0 
 0  0  0  0 
 0  0  0  1 
 0  0  0  0 
 0  0  0  0 
 0  0  0  0 
 0  0  0  0 
 0  0  0  0 
 0  0  0  0 
 0  0  0  0 
 0  0  0  0 
 0  0  0  0 
 0  0  0  0 
 0  1  0  0 
 0  0  0  0 
 0  0  0  0 
 0  0  0  0 
 0  0  1  0 
 0  0  0  0 

8-10-2: 1
8-11-2: 1
8-12-2: 1
8-13-2: 1
8-19-2: 1
8-23-2: 1
8-32-2: 1
8-35-2: 1
8-39-2: 1
8-41-2: 1
8-42-2: 1
8-45-2: 1
8-48-2: 1
8-57-2: 1
8-58-2: 1
8-59-2: 1
10-6-3: 1
10-14-3: 1
10-18-3: 1
10-26-3: 1
10-44-3: 1
10-54-3: 1
10-60-3: 1
14-8-2: 1
14-15-2: 1
14-25-2: 1
18-5-0: 1
18-16-0: 1
18-21-0: 1
18-22-0: 1
18-33-0: 1
18-36-0: 1
18-37-0: 1
18-38-0: 1
18-55-0: 1
18-56-0: 1
20-3-1: 1
20-27-1: 1
20-34-1: 1
20-40-1: 1
20-46-1: 1
20-47-1: 1
20-50-1: 1
20-51-1: 1
20-52-1: 1
24-9-3: 1
24-17-3: 1
24-20-3: 1
24-24-3: 1
24-29-3: 1
24-30-3: 1
24-31-3: 1
24-61-3: 1
24-62-3: 1
24-63-3: 1
35-0-1: 1
35-1-1: 1
35-2-1: 1
35-4-1: 1
35-7-1: 1
35-28-1: 1
35-43-1: 1
35-49-1: 1
39-53-2: 1
343242
357432
356535
349351
370548
355465
353531
344024
354040
361953
344199
340638
336106
365727
351837

352308
