20-

7-27-
 1  1  1 
 0  0  0 
 0  0  0 
 0  0  0 
 0  0  0 
 0  0  0 
 0  0  0 
 0  0  1 
 0  0  0 
 0  0  0 
 0  0  0 
 0  0  0 
 1  0  0 
 1  0  0 
 0  0  1 
 0  0  0 
 0  1  0 
 0  0  0 
 0  0  0 
 0  0  0 
 1  0  0 
 0  0  0 
 0  0  0 
 0  0  0 
 0  0  0 
 0  0  0 
 0  0  0 
 0  0  1 
 0  0  0 
 0  0  0 
 0  0  0 

7-3-2: 1
7-8-2: 1
7-15-2: 1
7-23-2: 1
7-30-2: 1
12-1-0: 1
12-7-0: 1
12-16-0: 1
12-22-0: 1
12-33-0: 1
12-40-0: 1
12-46-0: 1
12-47-0: 1
13-0-0: 1
13-9-0: 1
13-17-0: 1
13-18-0: 1
13-28-0: 1
13-29-0: 1
13-48-0: 1
14-5-2: 1
14-12-2: 1
14-19-2: 1
16-6-1: 1
16-13-1: 1
16-20-1: 1
16-24-1: 1
16-25-1: 1
16-26-1: 1
16-27-1: 1
16-37-1: 1
16-39-1: 1
16-44-1: 1
16-45-1: 1
16-49-1: 1
20-4-0: 1
20-10-0: 1
20-11-0: 1
20-31-0: 1
20-38-0: 1
27-2-2: 1
27-14-2: 1
27-21-2: 1
27-32-2: 1
27-34-2: 1
27-35-2: 1
27-36-2: 1
27-41-2: 1
27-42-2: 1
27-43-2: 1
272006
263331
266188
262075
264590
272622
263998
270642
250799
257613
264812
264113
276513
267836
267606

265649
