23-
8-

13-
 1  1  1  1 
 0  0  0  0 
 0  0  0  0 
 0  0  0  0 
 0  0  0  0 
 0  0  0  0 
 0  0  1  0 
 0  0  0  0 
 0  1  0  0 
 0  0  0  0 
 0  0  0  0 
 0  0  0  0 
 0  0  0  0 
 0  0  0  1 
 0  0  0  0 
 0  0  0  0 
 0  0  0  0 
 0  0  0  0 
 0  0  0  0 
 0  0  0  0 
 0  0  0  0 
 0  1  0  0 
 0  0  0  1 
 1  0  1  0 
 0  0  0  0 
 0  0  0  0 
 0  0  0  0 
 0  0  0  0 
 0  0  0  0 
 0  0  0  0 
 0  0  0  0 
 0  0  0  0 
 0  1  0  0 
 0  0  0  0 
 0  0  0  0 
 0  0  0  0 
 0  0  0  0 
 0  0  0  0 
 0  0  0  0 
 0  0  0  0 
 0  0  0  0 

6-2-2: 1
6-9-2: 1
6-10-2: 1
6-21-2: 1
6-27-2: 1
6-30-2: 1
6-42-2: 1
6-49-2: 1
6-53-2: 1
8-5-1: 1
8-7-1: 1
8-13-1: 1
8-14-1: 1
8-67-1: 1
13-3-3: 1
13-4-3: 1
13-19-3: 1
13-20-3: 1
13-39-3: 1
13-48-3: 1
13-60-3: 1
13-76-3: 1
21-18-1: 1
21-22-1: 1
21-23-1: 1
21-34-1: 1
21-35-1: 1
21-44-1: 1
21-45-1: 1
21-46-1: 1
21-50-1: 1
21-54-1: 1
21-62-1: 1
21-63-1: 1
21-64-1: 1
21-66-1: 1
21-75-1: 1
22-1-3: 1
22-28-3: 1
22-29-3: 1
22-32-3: 1
22-33-3: 1
22-38-3: 1
22-40-3: 1
22-41-3: 1
22-52-3: 1
22-57-3: 1
22-58-3: 1
22-74-3: 1
23-0-0: 1
23-6-0: 1
23-8-0: 1
23-11-0: 1
23-12-0: 1
23-24-0: 1
23-25-2: 1
23-26-2: 1
23-31-0: 1
23-36-0: 1
23-37-0: 1
23-43-0: 1
23-51-0: 1
23-55-0: 1
23-56-0: 1
23-59-0: 1
23-61-0: 1
23-68-0: 1
23-69-0: 1
23-70-0: 1
23-71-0: 1
23-72-2: 1
382742
390039
402632
399325
392996
400807
384571
398854
403180
391644
382258
388864
380399
411805
394391

393634
