8-
19-
 1  1 
 0  0 
 0  0 
 0  0 
 0  1 
 1  0 
 0  0 
 0  1 
 1  0 
 0  0 
 0  0 
 0  0 
 0  0 
 0  1 
 0  0 
 0  0 
 0  0 
 0  0 
 0  0 
 0  1 
 0  0 

4-4-1: 1
4-5-1: 1
4-17-1: 1
4-21-1: 1
5-1-0: 1
5-3-0: 1
5-7-0: 1
5-10-0: 1
5-22-0: 1
5-26-0: 1
5-27-0: 1
5-31-0: 1
7-0-1: 1
7-6-1: 1
7-9-1: 1
7-11-1: 1
7-13-1: 1
7-18-1: 1
7-19-1: 1
7-23-1: 1
7-28-1: 1
8-2-0: 1
8-15-0: 1
8-25-0: 1
13-8-1: 1
13-20-1: 1
13-24-1: 1
19-12-1: 1
19-14-1: 1
19-29-1: 1
165116
161359
160811
157792
156692
134745
156583
142132
142962
138183
164788
167322
159183
169539
143245

154697
