
8-26-
17-
24-
 1  1  1  1 
 0  0  0  0 
 0  0  0  0 
 0  0  0  0 
 0  0  0  0 
 0  0  0  0 
 0  0  0  0 
 0  0  0  0 
 0  1  0  0 
 0  0  0  0 
 0  0  0  0 
 0  0  0  0 
 0  0  0  0 
 0  0  0  0 
 0  0  0  0 
 0  0  0  0 
 0  0  0  0 
 0  0  1  0 
 1  0  0  0 
 0  0  0  0 
 0  0  0  0 
 0  0  0  0 
 0  0  0  0 
 0  0  0  0 
 0  0  0  1 
 0  0  0  0 
 0  1  0  0 
 0  0  0  0 
 0  0  0  0 
 0  0  0  0 
 0  0  0  0 
 0  0  0  0 
 0  0  0  1 
 0  0  0  0 
 0  0  0  0 
 0  0  0  0 
 0  0  0  0 
 0  0  0  0 
 0  0  0  0 
 0  0  0  0 
 0  0  0  0 

8-10-1: 1
8-11-1: 1
8-12-1: 1
8-13-1: 1
8-19-1: 1
8-23-1: 1
8-32-1: 1
8-40-1: 1
8-41-1: 1
8-42-1: 1
8-45-1: 1
8-48-1: 1
8-57-1: 1
8-58-1: 1
8-59-1: 1
17-0-2: 1
17-6-2: 1
17-7-2: 1
17-9-2: 1
17-24-2: 1
17-31-2: 1
17-44-2: 1
17-54-2: 1
17-60-2: 1
18-5-0: 1
18-8-0: 1
18-14-0: 1
18-15-0: 1
18-16-0: 1
18-21-0: 1
18-22-0: 1
18-25-0: 1
18-33-0: 1
18-36-0: 1
18-37-0: 1
18-38-0: 1
18-39-0: 1
18-55-0: 1
18-56-0: 1
24-17-3: 1
24-18-3: 1
24-29-3: 1
24-30-3: 1
24-61-3: 1
24-62-3: 1
24-63-3: 1
26-2-1: 1
26-4-1: 1
26-20-1: 1
26-28-1: 1
26-53-1: 1
32-1-3: 1
32-3-3: 1
32-26-3: 1
32-27-3: 1
32-34-3: 1
32-35-3: 1
32-43-3: 1
32-46-3: 1
32-47-3: 1
32-49-3: 1
32-50-3: 1
32-51-3: 1
32-52-3: 1
341466
351432
347934
350857
363478
340934
350664
344024
348616
357962
348139
350279
346731
353727
344308

349370
