34-
32-

35-
 1  1  1  1 
 0  0  0  0 
 0  0  0  0 
 0  0  0  0 
 0  0  0  0 
 0  0  0  0 
 0  0  0  0 
 0  0  0  0 
 0  0  0  0 
 0  0  0  1 
 0  0  0  0 
 0  0  0  0 
 0  0  0  0 
 0  0  0  0 
 0  0  0  0 
 0  0  1  0 
 0  0  0  0 
 0  0  0  0 
 0  0  0  0 
 0  0  0  0 
 0  0  0  0 
 0  0  0  0 
 0  0  0  0 
 0  0  0  0 
 0  0  0  0 
 0  0  0  0 
 0  0  0  0 
 0  0  0  0 
 0  0  0  0 
 0  0  0  0 
 0  0  0  0 
 0  0  0  0 
 0  1  0  0 
 0  0  0  0 
 1  0  0  0 
 0  0  0  1 
 0  0  0  0 
 0  0  0  0 
 0  0  0  0 
 0  0  0  0 
 0  0  0  0 

9-15-3: 1
9-16-3: 1
9-38-3: 1
9-40-3: 1
9-44-3: 1
9-45-3: 1
9-58-3: 1
9-73-3: 1
9-74-3: 1
15-2-2: 1
15-5-2: 1
15-6-2: 1
15-7-2: 1
15-9-2: 1
15-10-2: 1
15-21-2: 1
15-26-2: 1
15-27-2: 1
15-30-2: 1
15-42-2: 1
15-43-2: 1
15-49-2: 1
15-53-2: 1
15-71-2: 1
32-0-1: 1
32-1-1: 1
32-11-1: 1
32-12-1: 1
32-24-1: 1
32-28-1: 1
32-29-1: 1
32-31-1: 1
32-33-1: 1
32-36-1: 1
32-37-1: 1
32-41-1: 1
32-51-1: 1
32-55-1: 1
32-57-1: 1
32-59-1: 1
32-68-1: 1
32-69-1: 1
32-70-1: 1
32-72-1: 1
34-4-0: 1
34-13-0: 1
34-14-0: 1
34-18-0: 1
34-20-0: 1
34-22-0: 1
34-23-0: 1
34-25-0: 1
34-34-0: 1
34-35-0: 1
34-39-0: 1
34-48-0: 1
34-50-0: 1
34-56-0: 1
34-60-0: 1
34-61-0: 1
34-62-0: 1
34-63-0: 1
34-67-0: 1
34-75-0: 1
35-3-3: 1
35-8-3: 1
35-17-3: 1
35-19-3: 1
35-46-3: 1
35-47-3: 1
35-54-3: 1
35-64-3: 1
35-65-3: 1
35-66-3: 1
35-76-3: 1
400956
376792
408541
390553
401035
405598
395496
387426
400051
385532
392384
397698
389321
393805
401287

395098
