33-

3-19-
4-
 1  1  1  1 
 0  0  0  0 
 0  0  0  0 
 0  0  1  0 
 0  0  0  1 
 0  1  0  0 
 0  0  0  0 
 0  0  0  0 
 0  0  0  0 
 0  0  0  0 
 0  0  0  0 
 0  0  0  0 
 0  0  0  0 
 0  0  0  0 
 0  0  0  0 
 0  0  0  0 
 0  0  0  0 
 0  0  0  1 
 0  0  0  0 
 0  0  1  0 
 0  0  0  0 
 0  0  0  0 
 0  0  0  0 
 0  0  0  0 
 0  0  0  0 
 0  0  0  0 
 0  0  0  0 
 0  0  0  0 
 0  0  0  0 
 0  0  0  0 
 0  0  0  0 
 0  0  0  0 
 0  0  0  0 
 1  0  0  0 
 0  0  0  0 
 0  0  1  0 
 0  0  0  0 
 0  0  1  0 
 0  0  0  1 
 0  0  0  0 
 0  0  0  0 

3-4-2: 1
3-9-2: 1
3-11-2: 1
3-16-2: 1
3-26-2: 1
3-32-2: 1
3-33-2: 1
3-34-2: 1
4-23-3: 1
4-41-3: 1
4-42-3: 1
4-56-3: 1
5-0-1: 1
5-1-1: 1
5-3-1: 1
5-8-1: 1
5-12-1: 1
5-15-1: 1
5-24-1: 1
5-29-1: 1
5-30-1: 1
5-37-1: 1
5-40-1: 1
5-43-1: 1
5-47-1: 1
5-54-1: 1
5-55-1: 1
5-57-1: 1
5-58-1: 1
5-63-1: 1
5-69-1: 1
17-7-3: 1
17-27-3: 1
17-35-3: 1
17-36-3: 1
17-49-3: 1
17-50-3: 1
17-53-3: 1
33-5-0: 1
33-10-0: 1
33-19-0: 1
33-20-0: 1
33-21-0: 1
33-31-0: 1
33-45-0: 1
33-46-0: 1
33-48-0: 1
33-52-0: 1
33-59-0: 1
33-60-0: 1
33-62-0: 1
33-65-0: 1
33-67-0: 1
35-2-2: 1
35-6-2: 1
35-14-2: 1
35-22-2: 1
35-44-2: 1
35-61-2: 1
37-13-2: 1
37-38-2: 1
37-39-2: 1
37-51-2: 1
37-64-2: 1
37-68-2: 1
38-17-3: 1
38-18-3: 1
38-25-3: 1
38-28-3: 1
38-66-3: 1
354339
352215
349280
341084
341613
385508
355116
353134
355710
355171
374214
344415
355361
352713
360591

355364
