12-29-
19-

 1  1  1 
 0  0  0 
 0  0  0 
 0  0  0 
 0  0  0 
 0  0  0 
 1  0  0 
 0  0  0 
 0  0  0 
 0  0  0 
 0  0  0 
 0  0  0 
 1  0  1 
 0  0  0 
 0  0  0 
 0  0  0 
 0  0  0 
 0  0  1 
 0  0  0 
 0  1  0 
 0  0  0 
 0  0  0 
 0  0  0 
 0  1  0 
 0  0  0 
 0  0  0 
 0  0  0 
 0  0  0 
 0  0  0 
 1  0  0 
 0  0  1 

6-8-0: 1
6-9-0: 1
6-25-0: 1
6-28-0: 1
6-31-0: 1
6-33-0: 1
6-39-0: 1
12-23-0: 1
12-37-2: 1
12-40-2: 1
17-1-2: 1
17-2-2: 1
17-4-2: 1
17-11-2: 1
17-29-2: 1
19-0-1: 1
19-13-1: 1
19-27-1: 1
19-32-1: 1
19-34-1: 1
19-45-1: 1
19-50-1: 1
23-6-1: 1
23-7-1: 1
23-10-1: 1
23-17-1: 1
23-18-1: 1
23-19-1: 1
23-26-1: 1
23-35-1: 1
23-36-1: 1
23-41-1: 1
23-42-1: 1
23-48-1: 1
23-49-1: 1
29-3-0: 1
29-21-0: 1
29-22-0: 1
29-30-0: 1
29-44-0: 1
29-51-0: 1
29-54-0: 1
30-5-2: 1
30-12-2: 1
30-14-2: 1
30-15-2: 1
30-20-2: 1
30-24-2: 1
30-38-2: 1
30-43-2: 1
30-46-2: 1
30-47-2: 1
30-52-2: 1
30-53-2: 1
295268
280819
289262
306964
283169
296488
298896
289649
286047
302947
287258
299903
287674
284403
299200

292530
