30-19-
8-7-
29-
 1  1  1 
 0  0  0 
 0  0  0 
 0  0  0 
 0  0  0 
 0  0  0 
 0  0  0 
 0  1  0 
 0  1  0 
 0  0  0 
 0  0  0 
 0  0  0 
 0  0  0 
 0  0  0 
 0  0  0 
 1  0  0 
 0  0  0 
 0  0  0 
 1  0  0 
 1  0  0 
 0  0  0 
 0  0  0 
 1  0  0 
 0  0  0 
 0  0  0 
 0  0  0 
 0  0  0 
 0  0  0 
 0  0  0 
 0  0  1 
 1  0  0 

7-13-1: 1
7-14-1: 1
7-25-1: 1
7-38-1: 1
7-41-1: 1
7-49-1: 1
8-7-1: 1
8-11-1: 1
8-12-1: 1
8-23-1: 1
8-24-1: 1
8-29-1: 1
8-32-1: 1
8-40-1: 1
8-46-1: 1
8-50-1: 1
19-0-0: 1
19-4-0: 1
19-10-0: 1
19-18-0: 1
19-19-0: 1
19-31-0: 1
19-33-0: 1
19-34-0: 1
19-37-0: 1
19-39-0: 1
19-42-0: 1
19-47-0: 1
29-1-2: 1
29-3-2: 1
29-6-2: 1
29-8-2: 1
29-9-2: 1
29-17-2: 1
29-20-2: 1
29-21-2: 1
29-26-2: 1
29-27-2: 1
29-28-2: 1
29-30-2: 1
29-35-2: 1
29-36-2: 1
29-44-2: 1
29-51-2: 1
30-2-0: 1
30-5-0: 1
30-16-0: 1
30-43-0: 1
30-45-0: 1
30-48-0: 1
30-52-0: 1
30-53-0: 1
258603
257330
256165
248490
257541
255553
257213
257704
255821
257222
258603
258847
257541
252769
261313

256714
