28-14-27-7-
20-
8-
 1  1  1 
 0  0  0 
 0  0  0 
 0  0  0 
 0  0  0 
 0  0  0 
 0  0  0 
 1  0  0 
 0  0  1 
 0  0  0 
 0  0  0 
 0  0  0 
 0  0  0 
 0  0  0 
 1  0  0 
 0  0  0 
 0  0  0 
 0  0  0 
 0  0  0 
 0  0  0 
 0  1  0 
 0  0  0 
 0  0  0 
 0  0  0 
 0  0  0 
 0  0  0 
 0  0  0 
 1  0  0 
 1  0  0 
 0  0  0 
 0  0  0 

7-28-0: 1
8-4-2: 1
8-9-2: 1
8-11-2: 1
8-12-2: 1
8-27-2: 1
8-37-2: 1
8-39-2: 1
8-45-2: 1
14-5-0: 1
14-19-0: 1
20-0-1: 1
20-1-1: 1
20-2-1: 1
20-3-1: 1
20-8-1: 1
20-10-1: 1
20-15-1: 1
20-16-1: 1
20-17-1: 1
20-18-1: 1
20-22-1: 1
20-23-1: 1
20-30-1: 1
20-31-1: 1
20-32-1: 1
20-33-1: 1
20-38-1: 1
20-40-1: 1
20-41-1: 1
20-47-1: 1
27-7-0: 1
27-14-0: 1
27-21-0: 1
27-34-0: 1
27-35-0: 1
27-36-0: 1
27-42-0: 1
27-43-0: 1
27-46-0: 1
28-6-0: 1
28-13-0: 1
28-20-0: 1
28-24-0: 1
28-25-0: 1
28-26-0: 1
28-44-0: 1
28-49-0: 1
247919
245084
246896
247831
242200
247919
247919
250313
247035
245084
247482
250752
247919
247919
246904

247278
