22-
32-
23-
9-28-39-
 1  1  1  1 
 0  0  0  0 
 0  0  0  0 
 0  0  0  0 
 0  0  0  1 
 0  0  0  0 
 0  0  0  0 
 0  0  0  0 
 0  0  0  0 
 0  0  0  1 
 0  0  0  0 
 0  0  0  0 
 0  0  0  0 
 0  0  0  0 
 0  0  0  0 
 0  0  0  0 
 0  0  0  0 
 0  0  0  0 
 0  0  0  0 
 0  0  0  0 
 0  0  0  0 
 0  0  0  1 
 1  0  0  0 
 0  0  1  0 
 0  0  0  0 
 0  0  0  0 
 0  0  0  0 
 0  0  0  0 
 0  0  0  1 
 0  0  0  0 
 0  0  0  0 
 0  0  0  0 
 0  1  0  0 
 0  0  0  0 
 0  0  0  0 
 0  0  0  0 
 0  0  0  0 
 0  0  0  0 
 0  0  0  0 
 0  0  0  1 
 0  0  0  0 

9-3-3: 1
9-9-3: 1
9-10-3: 1
9-13-3: 1
9-17-3: 1
9-21-3: 1
9-23-3: 1
9-29-3: 1
9-44-3: 1
9-61-3: 1
9-63-3: 1
22-4-0: 1
22-7-0: 1
22-8-0: 1
22-11-0: 1
22-16-0: 1
22-19-0: 1
22-37-0: 1
22-39-0: 1
22-40-0: 1
22-49-0: 1
22-50-0: 1
22-56-0: 1
22-58-0: 1
22-62-0: 1
22-65-0: 1
22-67-0: 1
22-68-0: 1
22-69-0: 1
22-72-0: 1
22-73-0: 1
23-0-2: 1
23-6-2: 1
23-14-2: 1
23-27-2: 1
23-38-2: 1
23-41-2: 1
23-42-2: 1
23-43-2: 1
23-53-2: 1
23-59-2: 1
23-60-2: 1
23-64-2: 1
23-66-2: 1
23-70-2: 1
23-71-2: 1
28-2-3: 1
28-12-3: 1
28-32-3: 1
28-36-3: 1
32-5-1: 1
32-15-1: 1
32-20-1: 1
32-22-1: 1
32-24-1: 1
32-25-1: 1
32-33-1: 1
32-34-1: 1
32-35-1: 1
32-46-1: 1
32-47-1: 1
32-48-1: 1
32-51-1: 1
32-52-1: 1
32-54-1: 1
32-55-1: 1
32-57-1: 1
39-1-3: 1
39-18-3: 1
39-26-3: 1
39-30-3: 1
39-31-3: 1
397340
394080
389340
397340
397508
394245
396169
397559
387919
395493
397559
393212
394021
397340
385865

394333
