11-22-
12-
30-
 1  1  1 
 1  0  0 
 0  0  0 
 0  0  0 
 0  0  0 
 0  0  0 
 0  0  0 
 0  0  0 
 1  0  0 
 0  0  0 
 0  0  0 
 1  0  0 
 0  1  0 
 0  0  0 
 0  0  0 
 0  0  0 
 0  0  0 
 0  0  0 
 0  0  0 
 0  0  0 
 0  0  0 
 0  0  0 
 1  0  0 
 0  0  0 
 0  0  0 
 1  0  0 
 0  0  0 
 0  0  0 
 0  0  0 
 0  0  0 
 0  0  1 

11-6-0: 1
11-7-0: 1
11-8-0: 1
11-9-0: 1
11-10-0: 1
11-18-0: 1
11-19-0: 1
11-25-0: 1
11-26-0: 1
11-27-0: 1
11-31-0: 1
11-33-0: 1
11-36-0: 1
11-39-0: 1
11-41-0: 1
11-42-0: 1
11-48-0: 1
11-49-0: 1
12-0-1: 1
12-2-1: 1
12-3-1: 1
12-11-1: 1
12-13-1: 1
12-21-1: 1
12-23-1: 1
12-29-1: 1
12-30-1: 1
12-32-1: 1
12-35-1: 1
12-37-1: 1
12-40-1: 1
12-44-1: 1
12-45-1: 1
12-51-1: 1
12-54-1: 1
22-1-0: 1
22-22-0: 1
30-4-2: 1
30-5-2: 1
30-12-2: 1
30-14-2: 1
30-15-2: 1
30-20-2: 1
30-24-2: 1
30-34-2: 1
30-38-2: 1
30-43-2: 1
30-46-2: 1
30-47-2: 1
30-50-2: 1
30-52-2: 1
30-53-2: 1
266808
269255
267831
269255
268059
267831
266808
265202
268059
267442
267272
268143
267070
270104
263916

267537
