4-27-17-
28-
5-
 1  1  1 
 0  0  0 
 0  0  0 
 0  0  0 
 1  0  0 
 0  0  1 
 1  0  0 
 0  0  0 
 0  0  0 
 0  0  0 
 0  0  0 
 0  0  0 
 0  0  0 
 0  0  0 
 0  0  0 
 0  0  0 
 0  0  0 
 1  0  0 
 0  0  0 
 0  0  0 
 0  0  0 
 0  0  0 
 1  0  0 
 0  0  0 
 0  0  0 
 0  0  0 
 0  0  0 
 1  0  0 
 0  1  0 
 0  0  0 
 0  0  0 

4-54-0: 1
4-55-0: 1
5-1-2: 1
5-8-2: 1
5-11-2: 1
5-12-2: 1
5-17-2: 1
5-19-2: 1
5-20-2: 1
5-22-2: 1
5-23-2: 1
5-27-2: 1
5-34-2: 1
5-35-2: 1
5-36-2: 1
5-51-2: 1
5-52-2: 1
5-57-2: 1
17-4-0: 1
17-5-0: 1
17-18-0: 1
17-26-0: 1
17-30-0: 1
17-31-0: 1
17-37-0: 1
17-38-0: 1
17-39-0: 1
17-45-0: 1
17-46-0: 1
17-47-0: 1
17-49-0: 1
27-0-0: 1
27-2-0: 1
27-28-0: 1
27-29-0: 1
27-53-0: 1
28-6-1: 1
28-7-1: 1
28-9-1: 1
28-10-1: 1
28-13-1: 1
28-14-1: 1
28-15-1: 1
28-16-1: 1
28-21-1: 1
28-24-1: 1
28-25-1: 1
28-32-1: 1
28-33-1: 1
28-40-1: 1
28-41-1: 1
28-42-1: 1
28-43-1: 1
28-44-1: 1
28-50-1: 1
28-56-1: 1
284632
289682
289522
285268
282848
281205
289184
281368
286996
282737
286585
286996
288398
284013
290063

285967
