19-
23-
9-28-
21-
 1  1  1  1 
 0  0  0  0 
 0  0  0  0 
 0  0  0  0 
 0  0  1  0 
 0  0  0  0 
 0  0  0  0 
 0  0  0  0 
 0  0  0  0 
 0  0  1  0 
 0  0  0  0 
 0  0  1  0 
 0  0  0  0 
 0  0  0  0 
 0  0  0  0 
 0  0  0  0 
 0  0  0  0 
 0  0  0  0 
 0  0  0  0 
 1  0  0  0 
 0  0  0  0 
 0  0  0  1 
 0  0  0  0 
 0  1  0  0 
 0  0  0  0 
 0  0  0  0 
 0  0  0  0 
 0  0  0  0 
 0  0  1  0 
 0  0  0  0 
 0  0  0  0 
 0  0  0  0 
 0  0  0  0 
 0  0  0  0 
 0  0  0  0 
 0  0  0  0 
 0  0  0  0 
 0  0  0  0 
 0  0  0  0 
 0  0  0  0 
 0  0  0  0 

9-3-2: 1
9-5-2: 1
9-8-2: 1
9-9-2: 1
9-10-2: 1
9-13-2: 1
9-15-2: 1
9-21-2: 1
9-23-2: 1
9-29-2: 1
9-44-2: 1
9-56-2: 1
9-61-2: 1
9-63-2: 1
9-65-2: 1
19-1-0: 1
19-20-0: 1
19-22-0: 1
19-25-0: 1
19-26-0: 1
19-30-0: 1
19-33-0: 1
19-34-0: 1
19-35-0: 1
19-38-0: 1
19-46-0: 1
19-47-0: 1
19-48-0: 1
19-52-0: 1
19-53-0: 1
19-54-0: 1
19-55-0: 1
19-57-0: 1
19-70-0: 1
19-71-0: 1
21-4-3: 1
21-7-3: 1
21-11-3: 1
21-17-3: 1
21-18-3: 1
21-19-3: 1
21-37-3: 1
21-39-3: 1
21-40-3: 1
21-42-3: 1
21-49-3: 1
21-50-3: 1
21-58-3: 1
21-62-3: 1
21-66-3: 1
21-67-3: 1
21-68-3: 1
21-69-3: 1
21-72-3: 1
21-73-3: 1
23-0-1: 1
23-6-1: 1
23-14-1: 1
23-16-1: 1
23-27-1: 1
23-41-1: 1
23-43-1: 1
23-51-1: 1
23-59-1: 1
23-60-1: 1
23-64-1: 1
28-2-2: 1
28-12-2: 1
28-24-2: 1
28-32-2: 1
28-36-2: 1
387099
388559
383225
385717
392363
389558
387199
396379
392283
394727
380072
386305
387412
390894
394926

389115
