4
40
-107.79 -382.76
-520.38 -132.36
-191.34 -668.13
-208.84 413.49
-679.42 -442.11
-180.52 -83.01
127.2 311.59
389.26 -140.55
256.45 277.09
-520.2 -64.643
-288.76 97.675
-129.8 211.48
497.68 -2.4468
-213.49 503.23
-105.72 559.52
93.263 -103.97
-28.898 -9.1713
-69.517 643.77
-838.4 -489.42
48.104 -905.04
157.2 307.34
109.58 102.91
655.09 541.28
-46.129 51.033
252.9 904.61
169.88 -67.447
729.6 -105.48
729.15 -523.2
-341.72 -146.58
-134.15 -23.514
-103.03 -776.64
-47.995 -451.89
-43.997 -708.88
44.388 -53.957
-11.997 -246.91
254.01 526.41
-518.65 -795.83
133.9 -65.8
18.088 9.2216
-166.34 83.252
64
120.36 -188.68
-26.715 -406.51
204.73 -152.52
-216.86 -685.56
150.45 -87.901
-634.31 874.06
-442.85 -217.03
-79.552 -195.86
-93.052 420.38
-184.18 -84.873
737.45 77.79
477.3 35.751
274.15 -263.04
493.32 -198.8
-649.29 407.79
-394.23 315.75
-312.75 742.06
-186.43 265.39
-591.23 251.09
556.01 -8.0143
227.34 80.609
267.94 1092.6
-99.53 554.96
717.65 -91.922
197.05 162.03
-410.06 530.69
-787.77 -539.16
-152.26 -658.02
122.29 -195.86
223.24 255.25
130.22 263.74
144.71 168.87
686.31 171.56
276.12 646.17
26.046 -602.27
381.53 -513.19
293.85 1179.8
-90.31 1309
419.09 519.64
701.22 487.04
754.25 -721.78
390.29 -58.941
959.53 -455.33
-253.09 -356.26
-340.04 -116.71
497.38 -415.5
-285.01 -913.37
645.75 -846.14
629.28 -382.74
-50.533 -481.09
-43.569 -707.94
-158.6 -673.38
-193.91 -766.54
125.32 -41
-669.5 92.949
181.63 381.33
51.506 447.68
761.51 347.19
696.43 -14.12
554.99 314.29
-268.91 -68.711
-82.006 271.58
-164.46 73.891
-280.92 90.566
