3
30
23.728 131.83
302 658.82
104.66 369.65
38.88 -258.94
597.65 670.65
897.8 -214.96
714.06 580.43
-52.452 135.31
-232 184.6
651.67 750.69
674.96 75.408
23.328 77.776
100.89 317.62
-340.73 -267.88
800.63 261.51
953.4 -163.13
-24.651 866.89
480.6 -552.66
119.34 -149.11
446.94 669.85
77.128 119.49
151.81 160.48
791.28 339.02
-8.4917 -76.485
-169.92 91.664
-405.16 -121.37
700.82 95.093
-315.35 -349.06
23.627 232.61
-248.8 34.336
55
25.479 -80.242
365.87 913.26
140.16 770.54
119.54 471.27
-363.3 734.98
-594.72 -632.61
625.99 389.07
913.12 97.446
669.99 -158.78
1440.4 -5.6282
694.52 581.53
16.246 557.09
-312.95 130.23
456.01 -367.19
-658.46 49.938
-574.54 -153.47
564.81 1425.6
938.71 1104
533.64 295.89
667.48 128.14
-247.59 -168.19
-32.685 435.45
208.99 212.37
58.578 139.47
-337.9 -268.98
1164.6 31.899
828.53 232.99
436.96 39.16
1427.8 -803.24
-42.097 752.92
359.06 202.07
549.68 -372.42
473.14 -554.34
625.95 -632.31
-221.3 -730.79
459.28 664.23
615.67 624.59
28.801 107.55
-373.58 -327.95
820.69 21.818
151.2 102.15
532.67 146.79
794.88 331.3
-419.88 -587.28
-105.41 472.82
72.351 -478.68
-401.48 -147.77
-264.52 -15.109
1027.2 251.52
1302.6 489.59
-281.27 -516.93
40.2 361.32
-361.74 288.91
-722.91 498.23
-151.17 465.96
