4
40
111.5 -168.29
-711.02 641.04
501.77 -101.45
2.5972 -22.792
72.244 -109.32
17.483 -430.72
548.42 -107.84
-39.862 -290.31
-500.06 733.46
31.75 11.136
928.23 -351.49
-12.561 228.74
-668.43 643.79
-17.425 372.31
24.299 58.394
327.96 -319.41
614.62 655.28
165.7 -462.23
28.277 -99.876
289.53 317.95
736.82 371.77
-123.06 -180.55
144.63 -743.98
158.06 -305.42
42.325 -14.936
-640.82 563.54
-100.75 -30.43
-35.541 187.68
454.51 831.06
-646.43 -184.76
8.7667 -3.4075
307.65 188
-294.75 -0.24046
-422.97 152.87
-653.06 474.99
-127.95 -82.898
-495.18 -814.23
822.12 255.07
-784.46 -456.59
-120.19 -33.305
70
118.48 -186.53
10.067 -334.11
-319.24 545.98
3.5119 -357.48
563.95 -847.88
-752.18 -129.17
-298.77 551.05
443.47 495.46
-238.71 -498.94
566.41 -683.65
-164.55 -25.616
590.34 -133.47
238.38 9.0991
-277.11 -548.36
-513.98 741.69
-159.05 -302.71
504.02 -381.26
1080.2 -322.82
1380.9 -258
-166.44 234.51
-324.85 -364.93
-790.99 -126.05
-147.18 1030.5
6.7033 510.15
173.52 -167.43
445.11 284.58
633.22 -685.76
654.6 591.83
1183 408.85
216.34 -507.82
171.83 -815.61
-626.21 207.95
609.77 -296.74
608.34 -349.6
393.74 -156.66
717.37 552.28
879.71 990.93
-189.52 -342.82
-323.62 -1097.6
-607.23 -644.62
195.44 -561.75
63.221 22.741
174.88 133.61
242.75 -456.88
-475.9 1055.6
-319.07 162.12
-424.33 102.13
229.62 -119.07
-321.13 502.28
896.94 1139.7
1004.4 1153.9
-1079.4 -338.74
-664.63 -202.12
49.999 654.03
133.91 -0.70092
-155.21 -230.62
-64.172 -137.74
-106.06 -307.73
284.25 22.356
-436.2 137.46
-245.54 146.42
-879.65 143.07
-339.23 -11.12
109.4 -74.482
-274.68 -1092.2
-440.18 -428.52
1475.2 711.13
-927.11 -330.5
-995.67 -690.18
281.92 -466.13
