2
20
-140.74 -182.5
-41.581 642.38
-130.96 64.244
-896.7 -54.523
66.782 -48.31
702.4 8.8034
566.63 101.49
-37.464 64.992
-3.5087 2.0616
-223.84 -549.16
-769.8 -481.58
995.47 -53.017
434.19 841.21
-783.46 -455.38
703.23 -125.99
823.3 448.3
-704.72 8.0818
59.907 -593.53
181.48 43.06
-63.849 214.7
32
578.66 130.78
-146.29 -179.19
-104.08 -5.7619
250.79 -164.38
-1297.8 506.03
-1188.8 97.163
612.61 145.99
-167.38 -809.97
348.25 649.45
704.6 -12.275
146.26 -385.42
1060 -445.35
312.99 -16.031
585.94 3.0282
184.59 323.97
-390.96 -138.66
-927.91 -900.23
-515.96 -631.09
942.41 -101.59
481.15 24.194
938.44 780.13
-1553.4 -378.87
335.58 -316.03
812.19 438.25
835.31 1139.9
-410.77 -101.73
-271.53 -400.19
69.618 -752.25
616.09 -72.392
376.81 -202.71
-545.9 843.82
126.23 -9.0277
