2
20
-703.41 692.97
184.38 -82.893
-507.86 -304.34
-246.04 398.44
261.63 -333.19
84.041 -193.8
-0.042867 -1.8616
103.41 341.53
152.39 85.441
158.49 -211.37
183.33 410.24
-5.1616 511.26
382.58 556.59
-267.01 -171.88
-10.833 -30.273
-0.024134 0.020826
409.87 -600.9
631.45 40.625
322.69 507.89
-419.9 -31.428
39
-1444.2 679.7
-703.06 653.08
353 579.72
719.71 -355.16
-469.97 -625.35
-446.27 471.58
-818.43 723.63
208.13 500.12
585.01 -349.25
330.94 -375.18
492.65 -517.12
-138.55 40.678
36.186 0.13862
494.22 826.48
416.23 289.26
-210.61 245.08
247.92 -43.212
164.12 -227.19
802.34 -489.48
-498.15 259.96
132.29 596.83
114.37 652.97
137.87 753.73
465.92 442.48
436.3 390.82
-34.875 -441.08
-767.47 265.71
133.74 -363.02
218.26 -48.783
463.87 -168.42
279.58 122.9
326.23 -158.82
172.74 -187.59
-134.51 100.81
509.35 37.684
460.84 767.24
641.88 755.06
295.95 240.21
-232.91 -576.13
