2
20
-105.21 -186.81
335.73 -42.629
-829.64 -152.75
822.01 -408.55
9.459 21.484
263.39 -835.66
534.8 -382.5
152.1 -54.126
404.89 -569.56
293.34 98.352
-307.99 -847.77
-623.48 720.86
-800.17 327.09
383.58 523.05
404.73 -836.78
-586.17 -715.44
788.81 -59.182
-231.11 -108.06
765.22 285.04
-53.393 -112.28
34
-83.629 -81.479
-88.701 12.804
186.52 329.53
492.42 34.601
-349.77 28.557
-1066.4 -170.61
1097.9 -537.05
-72.913 -90.851
426.59 452.23
145.24 -1252.3
468.11 -132.63
315.73 -465.2
208.39 -64.423
683.14 418.63
1020.1 -863.97
361.9 318.59
303.58 107.39
-318.81 -972.5
-237.02 -942.37
-584.31 613.69
-479.44 1055.2
-790.43 333.46
826.36 949.51
324.92 -136.96
611.6 -1110.1
-76.565 -337.07
-485.32 23.74
683.84 -154.83
896.26 -130.33
-246.81 -107.62
561.86 326.21
373.63 -393.87
-146.68 50.957
-125.85 66.238
