3
30
-251.68 632.34
-83.994 -203.93
140 -9.5051
-199.85 -701.8
546.62 -48.947
262.77 503.3
130.34 141.21
-63.267 -28.641
-694.12 335.28
61.794 -305.75
950.01 158.54
274.43 610.52
68.576 867.82
74.656 -267.1
739.93 561.88
-409.32 -370.73
-602.91 -452.64
-535.62 -204.4
-223.68 821.16
49.224 63.53
518.37 613.84
437.27 -4.9434
825.4 -393.23
-291.45 472.29
-782.1 -347.29
261.88 -33.316
409.79 -132.09
-220.6 -233.54
733.06 449.23
-467.29 538.39
50
-252.54 626.81
79.859 432.49
306.37 -52.153
315.07 90.385
-93.992 39.29
76.783 -380.18
-473.51 -835.96
867.63 405.25
12.179 190.5
-529.43 485.48
-216.79 279.98
-320.48 313.9
-49.296 -193.06
-267.88 -1003.9
1117.2 -192.53
-66.668 256.71
566.09 334.36
77.492 817.8
-189.39 686.6
257.12 -946.55
-449.03 -279.84
698.57 -102.89
315.86 509.91
158.98 67.278
-617.5 -504.03
-375.52 -277.84
-1003.7 -79.056
-757.17 -191.41
-215.33 841.05
-464.57 852.93
-105.23 471.12
105.11 80.701
367.58 18.843
573.7 536.07
1180.5 -150.19
270.26 -216.43
787.15 -277.51
-363.49 12.424
-342.4 458.52
-610.29 20.59
169.83 424.82
284.83 -24.284
647.13 -377.52
442.35 -125.49
-300.85 -398.12
-488.77 56.527
762.91 445.24
734.43 445.14
-534.52 981.93
-917.25 96.997
