3
30
-699.43 -422.62
-339.86 -17.884
266.25 55.891
471.25 -228.78
-661.79 316.37
451.73 -713.86
229.03 -231.46
-140.62 -50.704
-893 103.59
253.46 914.84
-160.33 -250.65
61.44 -35.492
466.86 69.98
235.75 151.62
610.24 172.61
92.781 -208.2
201.29 -111.2
65.504 -9.2593
261.29 587.46
-294.49 195.88
-67.097 -53.605
-476.15 611.09
-156.68 -118.11
24.549 79.409
619.94 650.37
916.75 55.273
-526.24 -333.02
530.66 -61.881
308.66 507.71
550.76 -392.64
53
-1146.5 -442.07
-1042.7 -752.47
-267.82 388.86
-14.044 -323.5
142.39 -473.69
309.19 -20.67
-15.583 -591.88
145.97 76.706
-731.2 802.93
-754.08 111.02
569.7 -702.99
242.49 -898.79
-125.24 -309.84
224.94 -240.45
-345.19 524.28
-163.1 83.063
-1052.1 -254.32
540.06 1305.7
157.56 596.9
-108.38 -603.45
-280.16 -41.342
-34.338 -12.289
-439.41 -629.99
463.35 -292.63
547.03 199.4
311.91 99.975
280.15 147.08
208.79 -493.27
599.04 -210.28
122.99 -185.58
217.03 293.1
508.62 -168.66
-84.11 400.42
-125.82 100.98
706.95 527
-509.49 674.34
-190.48 222.59
-478.87 -44.994
-289.09 -752
-667.99 453.66
-1109.6 762.67
403.87 401.23
-265.35 637.41
-316.4 -268.62
56.434 -24.184
902.88 27.629
339.15 -51.066
992.54 111.04
-1284.5 -490.33
-743.63 77.292
449.51 74.607
-78.733 536.94
196.55 -445.94
