4
40
38.082 7.4467
-406.67 -579
-230.48 217.6
-39.29 -4.5981
-919.41 66.513
-55.024 446.94
-739.42 -306.99
333.35 274.76
-382.39 23.369
122.73 520.94
-202.35 -204.05
159.71 -8.2135
-477.72 -458.25
106.28 -337.63
417.77 313.51
-81.363 -43.608
650.61 -336.17
-665.92 -372.01
15.956 -99.138
-180.9 -756.42
-8.6736 98.988
-29.521 42.464
-2.3906 9.3513
119.79 292.45
-661.61 -248.99
-426.05 -73.751
170.75 277.12
-170.91 -268.72
295.38 -26.869
307.03 -538.43
-91.562 201.46
-30.882 -21.351
380.01 178.61
-318.92 133.23
-489.16 -181.37
-371.76 630.81
424.87 -12.953
244.27 662.02
280.03 -129.95
-2.2499 430.77
74
382.52 508.12
516.25 -630.05
-597.37 -939.3
-1050 -183.12
344.92 642.81
-743.77 -347.15
638.53 244.91
-146.12 678.27
-497.54 245.85
-1146.3 201.68
-363.58 55.206
258.02 553.19
-368.85 -943.96
-858.18 233.65
615.56 441.93
-341.78 -31.481
-484.37 444.43
-551.71 652.65
762.28 287.6
-470.9 512.16
-96.495 -81.984
-755.47 -54.254
-288.25 -479.38
-971.1 -415.74
-561.67 -480.59
120.93 -696.14
716.01 -80.441
457.22 264.88
844.56 928.71
-684.44 -193.01
733.87 -418.32
872.62 -527.97
-801.22 -701.46
18.856 -130.82
-294.24 -474.44
-554.18 -360.59
-741.36 -636.72
-223.57 732.92
278.05 -38.783
-64.246 563.88
24.349 210.4
574.63 429.45
54.669 146.25
-20.811 18.117
-468.25 163.13
-1332.7 -619.35
-681.46 -388.35
-327.3 -122.65
-309.51 -124.29
-130.37 816.95
30.027 493.46
-289.6 -86.005
-453.01 -405.3
228.6 -131.36
186.7 -561.09
54.539 -668.78
-588.74 300.58
-198.33 -722.76
104.13 445.12
625.01 461.18
721.6 108.55
-1045.9 466.95
-408.7 461.52
-809.59 -260.92
426.29 577.67
-462.68 235.72
278.76 460.64
-166.13 250.75
221.37 641.45
176.83 392.73
191.96 -163.2
326.01 -74.346
-308.33 419.12
11.008 635.3
