13-16-
11-
 1  1 
 0  0 
 0  0 
 0  0 
 0  0 
 0  0 
 0  0 
 0  0 
 0  1 
 0  0 
 0  1 
 0  1 
 0  0 
 1  0 
 1  0 
 0  0 
 1  1 
 0  0 
 0  0 
 0  0 
 0  0 

8-9-1: 1
8-13-1: 1
8-14-1: 1
8-31-1: 1
8-33-1: 1
10-1-1: 1
10-3-1: 1
10-11-1: 1
10-23-1: 1
10-28-1: 1
10-29-1: 1
10-36-1: 1
10-37-1: 1
11-7-1: 1
11-10-1: 1
11-12-1: 1
11-16-1: 1
11-20-1: 1
11-21-1: 1
11-22-1: 1
13-2-0: 1
13-6-0: 1
13-8-0: 1
13-18-0: 1
13-19-0: 1
13-32-0: 1
14-0-0: 1
14-5-0: 1
14-15-0: 1
14-25-0: 1
14-26-0: 1
14-34-0: 1
14-35-0: 1
16-4-0: 1
16-17-0: 1
16-24-0: 1
16-30-0: 1
188735
204788
198145
197287
182185
185809
199511
200805
194716
182967
183606
190300
193187
186117
190313

191898
