21-
8-12-
4-
 1  1  1 
 0  0  0 
 0  0  0 
 0  0  0 
 0  0  1 
 0  0  0 
 0  0  0 
 0  0  0 
 0  1  0 
 0  0  0 
 0  0  0 
 0  0  0 
 0  1  0 
 0  1  0 
 1  0  0 
 0  0  0 
 0  0  0 
 0  0  0 
 0  0  0 
 0  0  1 
 0  0  0 
 1  0  0 
 0  0  0 
 0  0  0 
 0  0  0 
 0  1  0 
 0  0  0 
 0  0  0 
 0  0  0 
 0  0  0 
 0  0  0 

4-4-2: 1
4-6-2: 1
4-20-2: 1
4-27-2: 1
4-45-2: 1
4-50-2: 1
8-29-1: 1
8-40-1: 1
12-13-1: 1
13-14-1: 1
13-15-1: 1
13-22-1: 1
13-25-1: 1
13-38-1: 1
13-41-1: 1
14-7-0: 1
14-11-0: 1
14-23-0: 1
14-24-0: 1
14-32-0: 1
14-46-0: 1
19-0-2: 1
19-1-2: 1
19-10-2: 1
19-12-2: 1
19-18-2: 1
19-19-2: 1
19-31-2: 1
19-33-2: 1
19-34-2: 1
19-36-2: 1
19-37-2: 1
19-39-2: 1
19-42-2: 1
19-47-2: 1
21-2-0: 1
21-3-0: 1
21-8-0: 1
21-9-0: 1
21-16-0: 1
21-17-0: 1
21-21-0: 1
21-26-0: 1
21-28-0: 1
21-30-0: 1
21-35-0: 1
21-51-0: 1
25-5-1: 1
25-43-1: 1
25-44-1: 1
25-48-1: 1
25-49-1: 1
25-52-1: 1
273479
266287
282099
288540
284511
288795
288450
277918
261972
278011
270263
303279
270890
287496
279612

280107
