3-24-
8-

 1  1  1 
 0  0  0 
 0  0  0 
 1  0  1 
 0  0  0 
 0  0  0 
 0  0  0 
 1  0  0 
 0  1  0 
 0  0  0 
 0  1  0 
 0  0  0 
 0  1  0 
 0  0  0 
 0  0  0 
 0  0  0 
 0  0  0 
 0  0  0 
 0  0  1 
 0  0  0 
 0  0  0 
 0  0  0 
 0  0  0 
 0  0  0 
 1  0  0 
 0  0  0 
 0  0  0 
 0  1  0 
 0  0  0 
 0  0  0 
 0  0  0 

3-5-2: 1
3-24-2: 1
3-25-2: 1
3-26-2: 1
3-30-2: 1
3-41-2: 1
3-45-2: 1
3-46-2: 1
3-47-2: 1
3-50-2: 1
7-3-0: 1
7-4-0: 1
7-6-0: 1
7-10-0: 1
7-11-0: 1
7-13-0: 1
7-23-0: 1
7-27-0: 1
7-28-0: 1
7-29-0: 1
7-31-0: 1
7-52-0: 1
8-12-1: 1
8-15-1: 1
8-20-1: 1
8-39-1: 1
10-17-1: 1
10-18-1: 1
10-34-1: 1
10-42-1: 1
12-44-1: 1
18-7-2: 1
18-21-2: 1
24-2-0: 1
24-14-0: 1
24-32-0: 1
24-33-0: 1
24-35-0: 1
24-36-0: 1
24-51-0: 1
27-0-1: 1
27-1-1: 1
27-9-1: 1
27-16-1: 1
27-19-1: 1
27-22-1: 1
27-37-1: 1
27-38-1: 1
27-43-1: 1
27-48-1: 1
27-49-1: 1
279524
273998
280774
266163
285621
285283
271740
287227
271335
285183
288060
287341
286710
284042
276303

280620
