19-
3-13-16-
 1  1 
 0  0 
 0  0 
 0  1 
 0  0 
 0  0 
 0  0 
 0  0 
 1  0 
 1  0 
 0  0 
 0  0 
 0  1 
 0  1 
 1  0 
 0  1 
 0  1 
 0  0 
 1  0 
 1  0 
 0  0 

3-10-1: 1
3-17-1: 1
3-19-1: 1
8-9-0: 1
8-14-0: 1
8-31-0: 1
9-13-0: 1
9-15-0: 1
9-16-0: 1
9-33-0: 1
9-35-0: 1
12-21-1: 1
13-2-1: 1
13-3-1: 1
13-6-1: 1
13-8-1: 1
13-18-1: 1
13-29-1: 1
13-32-1: 1
14-0-0: 1
14-25-0: 1
14-26-0: 1
14-34-0: 1
15-1-1: 1
15-11-1: 1
15-23-1: 1
15-27-1: 1
15-28-1: 1
15-36-1: 1
15-37-1: 1
16-4-1: 1
16-30-1: 1
18-5-0: 1
18-24-0: 1
19-7-0: 1
19-12-0: 1
19-20-0: 1
19-22-0: 1
200735
195334
206848
194964
182185
185212
205846
200805
198247
191382
185595
186928
205754
191273
190550

194777
