21-29-
4-
12-
 1  1  1 
 0  0  0 
 0  0  0 
 0  0  0 
 0  1  0 
 0  0  0 
 0  0  0 
 0  0  0 
 0  0  0 
 0  0  0 
 1  0  0 
 0  0  0 
 0  0  1 
 0  0  0 
 1  0  0 
 0  0  0 
 1  0  0 
 0  0  0 
 0  0  0 
 0  0  0 
 0  0  0 
 1  0  0 
 0  0  0 
 0  0  0 
 0  0  0 
 0  0  0 
 0  0  0 
 0  0  0 
 0  0  0 
 1  0  0 
 0  0  0 

4-0-1: 1
4-5-1: 1
4-13-1: 1
4-14-1: 1
4-20-1: 1
4-27-1: 1
4-31-1: 1
4-32-1: 1
4-33-1: 1
4-34-1: 1
4-38-1: 1
4-43-1: 1
4-45-1: 1
4-46-1: 1
4-50-1: 1
10-1-0: 1
10-6-0: 1
10-10-0: 1
10-16-0: 1
10-17-0: 1
10-35-0: 1
10-36-0: 1
10-42-0: 1
10-49-0: 1
12-2-2: 1
12-3-2: 1
12-4-2: 1
12-11-2: 1
12-12-2: 1
12-18-2: 1
12-19-2: 1
12-21-2: 1
12-22-2: 1
12-23-2: 1
12-29-2: 1
12-30-2: 1
12-37-2: 1
12-40-2: 1
12-41-2: 1
12-44-2: 1
12-47-2: 1
12-51-2: 1
12-52-2: 1
12-54-2: 1
14-15-0: 1
14-24-0: 1
16-7-0: 1
16-8-0: 1
16-9-0: 1
16-25-0: 1
16-26-0: 1
16-28-0: 1
16-39-0: 1
16-48-0: 1
29-53-0: 1
284568
276157
291175
296844
295169
281222
289862
286428
297020
296947
290507
299061
289559
306255
287200

291198
