9-
19-
 1  1 
 0  0 
 0  0 
 0  0 
 0  0 
 0  0 
 0  0 
 0  0 
 0  1 
 1  1 
 0  0 
 1  0 
 0  0 
 0  1 
 0  0 
 0  0 
 0  0 
 0  0 
 0  0 
 0  1 
 0  0 

8-2-1: 1
8-15-1: 1
8-25-1: 1
9-1-0: 1
9-10-0: 1
9-26-0: 1
9-27-0: 1
11-5-0: 1
11-7-0: 1
11-16-0: 1
11-17-0: 1
11-21-0: 1
13-8-1: 1
13-20-1: 1
13-23-1: 1
13-24-1: 1
19-0-1: 1
19-3-1: 1
19-6-1: 1
19-9-1: 1
19-12-1: 1
19-13-1: 1
19-14-1: 1
19-18-1: 1
19-19-1: 1
19-22-1: 1
19-28-1: 1
19-29-1: 1
19-31-1: 1
159854
155359
166376
157792
156692
145751
156583
140547
139473
157785
165639
148479
159826
151527
145704

153826
