18-20-
8-
 1  1 
 0  1 
 0  0 
 0  0 
 0  1 
 0  0 
 0  0 
 0  0 
 0  1 
 0  1 
 0  0 
 1  0 
 0  0 
 0  0 
 0  0 
 0  0 
 0  0 
 0  0 
 1  0 
 0  0 
 1  0 

1-0-1: 1
1-1-1: 1
1-13-1: 1
4-4-1: 1
4-5-1: 1
4-11-1: 1
4-21-1: 1
4-26-1: 1
4-27-1: 1
4-32-1: 1
8-10-1: 1
8-12-1: 1
8-30-1: 1
9-2-1: 1
9-3-1: 1
9-6-1: 1
9-14-1: 1
9-15-1: 1
9-19-1: 1
9-20-1: 1
11-7-0: 1
11-8-0: 1
11-17-0: 1
11-18-0: 1
11-23-0: 1
11-24-0: 1
11-29-0: 1
11-33-0: 1
18-28-0: 1
18-31-0: 1
20-9-0: 1
20-16-0: 1
20-22-0: 1
20-34-0: 1
169689
188720
175360
176143
173021
177394
184248
176924
167110
181327
185146
171109
181453
173642
167587

176592
