1-20-
5-
 1  1 
 1  0 
 0  0 
 0  0 
 0  0 
 0  1 
 1  0 
 1  0 
 0  0 
 0  0 
 0  0 
 0  0 
 0  0 
 0  1 
 0  0 
 0  0 
 0  0 
 0  0 
 0  0 
 0  0 
 1  0 

1-4-0: 1
1-25-0: 1
1-26-0: 1
1-29-0: 1
5-1-1: 1
5-2-1: 1
5-8-1: 1
5-12-1: 1
5-13-1: 1
5-15-1: 1
5-16-1: 1
5-30-1: 1
5-32-1: 1
5-33-1: 1
6-9-0: 1
6-17-0: 1
6-18-0: 1
6-24-0: 1
7-3-0: 1
7-6-0: 1
7-10-0: 1
7-11-0: 1
7-14-0: 1
7-23-0: 1
7-27-0: 1
7-28-0: 1
7-31-0: 1
13-5-1: 1
13-19-1: 1
13-20-1: 1
13-21-1: 1
20-0-0: 1
20-7-0: 1
181990
174990
162965
166325
156166
174118
179353
156980
161460
168258
188471
165533
170099
166238
156794

168649
