8-16-
7-
 1  1 
 1  0 
 0  0 
 0  0 
 0  0 
 0  0 
 0  0 
 0  1 
 1  0 
 0  0 
 0  0 
 0  0 
 0  0 
 0  0 
 0  0 
 0  0 
 1  0 
 1  0 
 0  0 
 0  0 
 0  0 

1-0-0: 1
1-1-0: 1
1-5-0: 1
1-6-0: 1
1-26-0: 1
7-4-1: 1
7-11-1: 1
7-12-1: 1
7-14-1: 1
7-15-1: 1
7-16-1: 1
7-17-1: 1
7-19-1: 1
7-25-1: 1
7-27-1: 1
7-28-1: 1
7-29-1: 1
7-30-1: 1
7-31-1: 1
7-32-1: 1
7-33-1: 1
7-34-1: 1
7-37-1: 1
7-38-1: 1
8-2-0: 1
8-7-0: 1
8-13-0: 1
8-20-0: 1
8-21-0: 1
8-22-0: 1
8-23-0: 1
8-24-0: 1
8-35-0: 1
8-36-0: 1
17-3-0: 1
17-8-0: 1
17-9-0: 1
17-10-0: 1
17-18-0: 1
205770
200816
206299
205640
211998
202293
219651
203086
209267
207982
209765
206816
219475
205156
208586

208173
