6-
28-
22-
 1  1  1 
 0  0  0 
 0  0  0 
 0  0  0 
 0  0  0 
 0  0  0 
 1  0  0 
 0  0  0 
 0  0  0 
 0  0  0 
 0  0  0 
 0  0  0 
 0  0  0 
 0  0  0 
 0  0  0 
 0  0  0 
 1  0  0 
 0  0  1 
 0  0  0 
 0  0  0 
 0  0  0 
 0  0  0 
 0  0  1 
 0  0  0 
 0  0  0 
 0  0  0 
 0  0  0 
 0  0  0 
 0  1  0 
 0  0  0 
 0  0  0 

6-6-0: 1
6-7-0: 1
6-10-0: 1
6-13-0: 1
6-14-0: 1
6-15-0: 1
6-21-0: 1
6-25-0: 1
6-42-0: 1
6-44-0: 1
6-50-0: 1
6-56-0: 1
16-0-0: 1
16-2-0: 1
16-3-0: 1
16-24-0: 1
16-28-0: 1
16-29-0: 1
16-40-0: 1
16-53-0: 1
17-4-2: 1
17-5-2: 1
17-9-2: 1
17-18-2: 1
17-26-2: 1
17-30-2: 1
17-31-2: 1
17-34-2: 1
17-35-2: 1
17-37-2: 1
17-38-2: 1
17-39-2: 1
17-45-2: 1
17-46-2: 1
17-47-2: 1
17-49-2: 1
17-52-2: 1
17-57-2: 1
22-32-2: 1
22-41-2: 1
28-1-1: 1
28-8-1: 1
28-11-1: 1
28-12-1: 1
28-16-1: 1
28-17-1: 1
28-19-1: 1
28-20-1: 1
28-22-1: 1
28-23-1: 1
28-27-1: 1
28-33-1: 1
28-36-1: 1
28-43-1: 1
28-51-1: 1
298091
308512
301686
312639
313397
300886
303360
311714
319976
313114
315222
303909
299087
308520
315048

308344
