5-18-
20-
 1  1 
 0  0 
 0  0 
 0  0 
 0  0 
 1  0 
 0  0 
 0  0 
 0  0 
 1  0 
 0  0 
 0  0 
 0  0 
 0  1 
 0  0 
 0  0 
 0  0 
 0  0 
 1  0 
 0  0 
 0  1 

5-2-0: 1
5-3-0: 1
5-8-0: 1
5-13-0: 1
5-15-0: 1
5-16-0: 1
5-30-0: 1
9-6-0: 1
9-9-0: 1
9-10-0: 1
9-11-0: 1
9-14-0: 1
9-18-0: 1
9-24-0: 1
9-27-0: 1
9-28-0: 1
9-31-0: 1
13-5-1: 1
13-19-1: 1
13-20-1: 1
13-21-1: 1
18-4-0: 1
18-26-0: 1
18-29-0: 1
20-0-1: 1
20-1-1: 1
20-7-1: 1
20-12-1: 1
20-23-1: 1
20-25-1: 1
20-32-1: 1
20-33-1: 1
175990
162398
157866
159981
150756
168118
167353
151591
164229
168258
162014
158939
159626
166238
160169

162235
