6-27-
4-
28-

 1  1  1  1 
 0  0  0  0 
 0  0  0  0 
 0  0  0  0 
 0  1  0  0 
 0  0  0  0 
 1  0  0  0 
 0  0  0  0 
 0  0  0  0 
 0  0  0  0 
 0  0  0  0 
 0  0  0  0 
 0  0  0  0 
 0  0  0  0 
 0  0  0  0 
 0  0  0  0 
 0  0  0  0 
 0  0  0  1 
 0  0  0  0 
 0  0  0  0 
 0  0  0  0 
 0  0  0  0 
 0  0  0  0 
 0  0  0  0 
 0  0  0  0 
 0  0  0  0 
 1  0  0  0 
 1  0  0  0 
 0  0  1  0 
 0  0  0  0 
 0  0  0  0 
 0  0  0  0 
 0  0  0  0 
 0  0  0  0 
 0  0  0  0 
 0  0  0  0 
 0  0  0  0 
 0  0  1  0 
 0  0  0  0 
 0  0  0  0 
 0  0  0  0 

4-0-1: 1
4-10-1: 1
4-11-1: 1
4-12-1: 1
4-15-1: 1
4-20-1: 1
4-24-1: 1
4-32-1: 1
4-33-1: 1
4-34-1: 1
4-41-1: 1
4-42-1: 1
4-47-1: 1
4-54-1: 1
4-55-1: 1
4-56-1: 1
4-58-1: 1
4-62-1: 1
4-63-1: 1
6-1-0: 1
6-3-0: 1
6-4-0: 1
6-8-0: 1
6-9-0: 1
6-16-0: 1
6-26-0: 1
6-29-0: 1
6-30-0: 1
6-37-0: 1
6-40-0: 1
6-43-0: 1
6-57-0: 1
6-69-0: 1
17-7-3: 1
17-25-3: 1
17-27-3: 1
17-28-3: 1
17-35-3: 1
17-36-3: 1
17-49-3: 1
17-50-3: 1
26-2-0: 1
26-14-0: 1
26-22-0: 1
26-31-0: 1
26-44-0: 1
26-61-0: 1
28-6-2: 1
28-19-2: 1
28-23-2: 1
28-45-2: 1
28-46-2: 1
28-48-2: 1
28-53-2: 1
28-59-2: 1
28-60-2: 1
37-5-2: 1
37-13-2: 1
37-21-2: 1
37-38-2: 1
37-39-2: 1
37-51-2: 1
37-52-2: 1
37-64-2: 1
37-65-2: 1
37-67-2: 1
37-68-2: 1
366129
341805
361122
343350
341616
351346
346316
352799
337657
356989
374368
350656
352034
346466
357682

352022
