15-
9-16-
 1  1 
 0  0 
 0  0 
 0  0 
 0  1 
 0  0 
 1  0 
 0  0 
 0  1 
 0  1 
 0  0 
 0  0 
 0  0 
 0  0 
 0  0 
 1  0 
 0  1 
 0  0 
 0  0 
 0  0 
 0  0 

4-1-1: 1
4-5-1: 1
4-6-1: 1
4-15-1: 1
4-19-1: 1
4-26-1: 1
6-3-0: 1
6-4-0: 1
6-8-0: 1
6-9-0: 1
6-10-0: 1
6-16-0: 1
6-17-0: 1
6-18-0: 1
6-25-0: 1
6-27-0: 1
6-28-0: 1
6-29-0: 1
6-31-0: 1
6-32-0: 1
6-38-0: 1
8-2-1: 1
8-7-1: 1
8-13-1: 1
8-14-1: 1
8-20-1: 1
8-21-1: 1
8-22-1: 1
8-23-1: 1
8-24-1: 1
8-35-1: 1
8-36-1: 1
9-30-1: 1
9-34-1: 1
9-37-1: 1
15-11-0: 1
15-12-0: 1
15-33-0: 1
203223
212559
207547
219725
201403
214531
214104
209086
204415
203705
218264
205587
219475
202544
208210

209625
