4-
21-
29-

 1  1  1  1 
 0  0  0  1 
 0  0  0  0 
 0  0  0  0 
 1  0  0  0 
 0  0  0  0 
 0  0  0  0 
 0  0  1  0 
 0  0  0  0 
 0  0  0  0 
 0  0  0  0 
 0  0  0  0 
 0  0  0  0 
 0  0  0  1 
 0  0  0  0 
 0  0  0  0 
 0  0  0  0 
 0  0  0  0 
 0  0  0  0 
 0  0  0  0 
 0  0  0  0 
 0  1  0  0 
 0  0  0  0 
 0  1  0  0 
 0  0  0  0 
 0  0  0  0 
 0  0  0  0 
 0  0  0  0 
 0  0  0  0 
 0  0  1  0 
 0  0  0  0 
 0  0  0  0 
 0  0  0  0 
 0  0  0  0 
 0  0  0  0 
 0  0  0  0 
 0  0  0  0 
 0  0  0  0 
 0  0  0  0 
 0  0  0  0 
 0  0  0  0 

1-0-3: 1
1-41-3: 1
1-53-3: 1
1-54-3: 1
1-59-3: 1
1-64-3: 1
1-70-3: 1
4-8-0: 1
4-10-0: 1
4-15-0: 1
4-20-0: 1
4-33-0: 1
4-43-0: 1
4-44-0: 1
4-47-0: 1
4-48-0: 1
4-51-0: 1
4-56-0: 1
4-65-0: 1
7-3-2: 1
7-5-2: 1
7-9-2: 1
7-13-2: 1
7-21-2: 1
7-23-2: 1
7-29-2: 1
7-45-2: 1
7-63-2: 1
13-2-3: 1
13-12-3: 1
13-22-3: 1
13-24-3: 1
13-25-3: 1
13-32-3: 1
13-34-3: 1
13-35-3: 1
13-36-3: 1
13-46-3: 1
13-52-3: 1
13-55-3: 1
13-57-3: 1
21-4-1: 1
21-7-1: 1
21-11-1: 1
21-16-1: 1
21-17-1: 1
21-19-1: 1
21-37-1: 1
21-39-1: 1
21-40-1: 1
21-42-1: 1
21-49-1: 1
21-50-1: 1
21-58-1: 1
21-62-1: 1
21-66-1: 1
21-67-1: 1
21-68-1: 1
21-69-1: 1
21-72-1: 1
21-73-1: 1
29-1-2: 1
29-6-2: 1
29-14-2: 1
29-18-2: 1
29-26-2: 1
29-27-2: 1
29-30-2: 1
29-31-2: 1
29-38-2: 1
29-60-2: 1
29-71-2: 1
399705
407630
403314
414579
405249
408336
412374
404289
409089
409383
403811
411063
396225
408644
413322

407134
