3-
9-11-20-
 1  1 
 0  0 
 0  0 
 1  0 
 0  0 
 0  0 
 0  0 
 0  0 
 0  0 
 0  1 
 0  0 
 0  1 
 0  0 
 0  0 
 0  0 
 0  0 
 0  0 
 0  0 
 0  0 
 0  0 
 0  1 

3-0-0: 1
3-4-0: 1
3-5-0: 1
3-10-0: 1
3-11-0: 1
3-12-0: 1
3-13-0: 1
3-21-0: 1
3-26-0: 1
3-27-0: 1
3-30-0: 1
3-31-0: 1
3-32-0: 1
9-2-1: 1
9-3-1: 1
9-6-1: 1
9-9-1: 1
9-14-1: 1
9-15-1: 1
9-19-1: 1
9-20-1: 1
11-7-1: 1
11-8-1: 1
11-17-1: 1
11-18-1: 1
11-23-1: 1
11-24-1: 1
11-28-1: 1
11-29-1: 1
11-33-1: 1
20-16-1: 1
20-22-1: 1
20-34-1: 1
153525
159108
158528
153309
159246
157814
159349
156909
152225
154577
156904
158966
161605
152006
153494

156504
