4-
1-19-
11-28-
9-34-
 1  1  1  1 
 0  1  0  0 
 0  0  0  0 
 0  0  0  0 
 1  0  0  0 
 0  0  0  0 
 0  0  0  0 
 0  0  0  0 
 0  0  0  0 
 0  0  0  1 
 0  0  0  0 
 0  0  1  0 
 0  0  0  0 
 0  0  0  0 
 0  0  0  0 
 0  0  0  0 
 0  0  0  0 
 0  0  0  0 
 0  0  0  0 
 0  1  0  0 
 0  0  0  0 
 0  0  0  0 
 0  0  0  0 
 0  0  0  0 
 0  0  0  0 
 0  0  0  0 
 0  0  0  0 
 0  0  0  0 
 0  0  1  0 
 0  0  0  0 
 0  0  0  0 
 0  0  0  0 
 0  0  0  0 
 0  0  0  0 
 0  0  0  1 
 0  0  0  0 
 0  0  0  0 
 0  0  0  0 
 0  0  0  0 
 0  0  0  0 
 0  0  0  0 

1-0-1: 1
1-4-1: 1
1-6-1: 1
1-11-1: 1
1-14-1: 1
1-18-1: 1
1-26-1: 1
1-27-1: 1
1-38-1: 1
1-41-1: 1
1-59-1: 1
1-60-1: 1
1-64-1: 1
1-66-1: 1
1-71-1: 1
4-20-0: 1
4-39-0: 1
4-40-0: 1
4-42-0: 1
4-43-0: 1
4-50-0: 1
4-58-0: 1
4-67-0: 1
4-68-0: 1
4-69-0: 1
4-73-0: 1
9-3-3: 1
9-9-3: 1
9-10-3: 1
9-13-3: 1
9-15-3: 1
9-21-3: 1
9-29-3: 1
9-61-3: 1
11-5-2: 1
11-23-2: 1
11-35-2: 1
11-46-2: 1
11-47-2: 1
11-48-2: 1
11-51-2: 1
11-63-2: 1
19-1-1: 1
19-30-1: 1
19-33-1: 1
19-53-1: 1
19-70-1: 1
28-2-2: 1
28-12-2: 1
28-22-2: 1
28-24-2: 1
28-25-2: 1
28-32-2: 1
28-34-2: 1
28-36-2: 1
28-52-2: 1
28-54-2: 1
28-55-2: 1
28-57-2: 1
34-7-3: 1
34-8-3: 1
34-16-3: 1
34-17-3: 1
34-19-3: 1
34-37-3: 1
34-44-3: 1
34-49-3: 1
34-56-3: 1
34-62-3: 1
34-65-3: 1
34-72-3: 1
375268
377363
370468
385361
386627
385958
386268
387503
385724
382191
369693
383128
372436
388789
366030

380187
