8-28-14-
8-
7-22-
 1  1  1 
 0  0  0 
 0  0  0 
 0  0  0 
 0  0  0 
 0  0  0 
 0  0  0 
 0  0  1 
 1  1  0 
 0  0  0 
 0  0  0 
 0  0  0 
 0  0  0 
 0  0  0 
 1  0  0 
 0  0  0 
 0  0  0 
 0  0  0 
 0  0  0 
 0  0  0 
 0  0  0 
 0  0  0 
 0  0  1 
 0  0  0 
 0  0  0 
 0  0  0 
 0  0  0 
 0  0  0 
 1  0  0 
 0  0  0 
 0  0  0 

7-1-2: 1
7-17-2: 1
7-22-2: 1
7-23-2: 1
7-28-2: 1
7-40-2: 1
8-0-1: 1
8-4-1: 1
8-8-1: 1
8-9-1: 1
8-10-1: 1
8-11-0: 1
8-15-1: 1
8-18-0: 1
8-30-1: 1
8-31-1: 1
8-38-1: 1
14-5-0: 1
14-12-0: 1
14-19-0: 1
14-35-0: 1
14-42-0: 1
22-2-2: 1
22-3-2: 1
22-7-2: 1
22-14-2: 1
22-16-2: 1
22-21-2: 1
22-32-2: 1
22-33-2: 1
22-34-2: 1
22-36-2: 1
22-41-2: 1
22-43-2: 1
22-46-2: 1
22-47-2: 1
28-6-0: 1
28-13-0: 1
28-20-0: 1
28-24-0: 1
28-25-0: 1
28-26-0: 1
28-27-0: 1
28-37-0: 1
28-39-0: 1
28-44-0: 1
28-45-0: 1
28-49-0: 1
240446
243923
242387
238332
247395
244051
239609
241478
239224
247788
236596
241291
234829
241311
233796

240830
