13-
18-
 1  1 
 0  0 
 0  0 
 0  0 
 0  0 
 0  0 
 0  0 
 0  0 
 0  0 
 0  0 
 0  0 
 0  0 
 0  0 
 1  0 
 0  0 
 0  0 
 0  0 
 0  0 
 0  1 
 0  0 
 0  0 

13-1-0: 1
13-2-0: 1
13-3-0: 1
13-6-0: 1
13-8-0: 1
13-9-0: 1
13-10-0: 1
13-12-0: 1
13-17-0: 1
13-18-0: 1
13-19-0: 1
13-22-0: 1
13-23-0: 1
13-29-0: 1
13-30-0: 1
13-32-0: 1
13-36-0: 1
13-37-0: 1
18-0-1: 1
18-4-1: 1
18-5-1: 1
18-7-1: 1
18-15-1: 1
18-16-1: 1
18-20-1: 1
18-21-1: 1
18-24-1: 1
18-25-1: 1
18-26-1: 1
18-33-1: 1
18-34-1: 1
18-35-1: 1
166860
166028
166671
158978
163474
160453
166548
170805
166080
167246
165019
162928
162667
160248
159635

164243
