24-
14-17-27-
12-
 1  1  1 
 0  0  0 
 0  0  0 
 0  0  0 
 0  0  0 
 0  0  0 
 0  0  0 
 0  0  0 
 0  0  0 
 0  0  0 
 0  0  0 
 0  0  0 
 0  0  1 
 0  0  0 
 0  1  0 
 0  0  0 
 0  0  0 
 0  1  0 
 0  0  0 
 0  0  0 
 0  0  0 
 0  0  0 
 0  0  0 
 0  0  0 
 1  0  0 
 0  0  0 
 0  0  0 
 0  1  0 
 0  0  0 
 0  0  0 
 0  0  0 

12-3-2: 1
12-4-2: 1
12-5-2: 1
12-6-2: 1
12-12-2: 1
12-13-2: 1
12-19-2: 1
12-21-2: 1
12-23-2: 1
12-27-2: 1
12-28-2: 1
12-29-2: 1
12-31-2: 1
12-44-2: 1
12-46-2: 1
12-52-2: 1
14-24-1: 1
14-25-1: 1
14-26-1: 1
14-34-1: 1
14-41-1: 1
14-45-1: 1
14-47-1: 1
14-50-1: 1
17-10-1: 1
17-11-1: 1
24-2-0: 1
24-7-0: 1
24-14-0: 1
24-15-0: 1
24-18-0: 1
24-20-0: 1
24-30-0: 1
24-32-0: 1
24-33-0: 1
24-35-0: 1
24-36-0: 1
24-39-0: 1
24-42-0: 1
24-51-0: 1
27-0-1: 1
27-1-1: 1
27-9-1: 1
27-16-1: 1
27-22-1: 1
27-37-1: 1
27-38-1: 1
27-43-1: 1
27-48-1: 1
27-49-1: 1
248265
249026
245909
244545
252652
240035
247983
255072
251642
250738
254176
245401
255263
254146
251254

249740
