22-
14-28-
24-
 1  1  1 
 0  0  0 
 0  0  0 
 0  0  0 
 0  0  0 
 0  0  0 
 0  0  0 
 0  0  0 
 0  0  0 
 0  0  0 
 0  0  0 
 0  0  0 
 0  0  0 
 0  0  0 
 0  1  0 
 0  0  0 
 0  0  0 
 0  0  0 
 0  0  0 
 0  0  0 
 0  0  0 
 0  0  0 
 1  0  0 
 0  0  0 
 0  0  1 
 0  0  0 
 0  0  0 
 0  0  0 
 0  1  0 
 0  0  0 
 0  0  0 

14-5-1: 1
14-12-1: 1
14-19-1: 1
14-35-1: 1
22-2-0: 1
22-3-0: 1
22-7-0: 1
22-14-0: 1
22-16-0: 1
22-21-0: 1
22-22-0: 1
22-23-0: 1
22-31-0: 1
22-32-0: 1
22-33-0: 1
22-34-0: 1
22-36-0: 1
22-41-0: 1
22-42-0: 1
22-43-0: 1
22-46-0: 1
22-47-0: 1
24-0-2: 1
24-1-2: 1
24-8-2: 1
24-9-2: 1
24-10-2: 1
24-11-2: 1
24-15-2: 1
24-17-2: 1
24-18-2: 1
24-28-2: 1
24-29-2: 1
24-30-2: 1
24-38-2: 1
24-40-2: 1
24-48-2: 1
24-49-2: 1
28-4-1: 1
28-6-1: 1
28-13-1: 1
28-20-1: 1
28-24-1: 1
28-25-1: 1
28-26-1: 1
28-27-1: 1
28-37-1: 1
28-39-1: 1
28-44-1: 1
28-45-1: 1
241606
233501
235481
238332
240806
241579
241414
241363
231693
242394
239214
238362
237718
235606
238684

238517
