11-22-
12-30-
24-
 1  1  1 
 0  0  0 
 0  0  0 
 0  0  0 
 0  0  0 
 0  0  0 
 0  0  0 
 0  0  0 
 0  0  0 
 0  0  0 
 0  0  0 
 1  0  0 
 0  1  0 
 0  0  0 
 0  0  0 
 0  0  0 
 0  0  0 
 0  0  0 
 0  0  0 
 0  0  0 
 0  0  0 
 0  0  0 
 1  0  0 
 0  0  0 
 0  0  1 
 0  0  0 
 0  0  0 
 0  0  0 
 0  0  0 
 0  0  0 
 0  1  0 

11-6-0: 1
11-7-0: 1
11-8-0: 1
11-9-0: 1
11-10-0: 1
11-18-0: 1
11-19-0: 1
11-25-0: 1
11-26-0: 1
11-33-0: 1
11-36-0: 1
11-39-0: 1
11-41-0: 1
11-42-0: 1
11-48-0: 1
11-49-0: 1
12-2-1: 1
12-3-1: 1
12-11-1: 1
12-21-1: 1
12-23-1: 1
12-29-1: 1
12-37-1: 1
12-40-1: 1
12-44-1: 1
12-51-1: 1
12-54-1: 1
22-1-0: 1
22-22-0: 1
22-30-0: 1
22-35-0: 1
24-0-2: 1
24-13-2: 1
24-20-2: 1
24-24-2: 1
24-27-2: 1
24-31-2: 1
24-32-2: 1
24-34-2: 1
24-38-2: 1
24-43-2: 1
24-45-2: 1
24-50-2: 1
30-4-1: 1
30-5-1: 1
30-12-1: 1
30-14-1: 1
30-15-1: 1
30-46-1: 1
30-47-1: 1
30-52-1: 1
30-53-1: 1
263470
261662
267288
262058
266076
260264
261201
264161
261771
261183
268161
266717
263088
265781
268143

264068
