10-17-
5-
4-14-22-
 1  1  1 
 0  0  0 
 0  0  0 
 0  0  0 
 0  0  1 
 0  1  0 
 0  0  0 
 0  0  0 
 0  0  0 
 0  0  0 
 1  0  0 
 0  0  0 
 0  0  0 
 0  0  0 
 0  0  1 
 0  0  0 
 0  0  0 
 1  0  0 
 0  0  0 
 0  0  0 
 0  0  0 
 0  0  0 
 0  0  1 
 0  0  0 
 0  0  0 
 0  0  0 
 0  0  0 
 0  0  0 
 0  0  0 
 0  0  0 
 0  0  0 

4-6-2: 1
4-7-2: 1
4-10-2: 1
4-25-2: 1
4-32-2: 1
4-33-2: 1
4-42-2: 1
4-54-2: 1
4-55-2: 1
4-56-2: 1
5-1-1: 1
5-8-1: 1
5-11-1: 1
5-12-1: 1
5-13-1: 1
5-16-1: 1
5-17-1: 1
5-19-1: 1
5-20-1: 1
5-22-1: 1
5-23-1: 1
5-27-1: 1
5-34-1: 1
5-36-1: 1
5-43-1: 1
5-51-1: 1
5-52-1: 1
10-9-0: 1
10-14-0: 1
10-21-0: 1
10-28-0: 1
10-37-0: 1
10-50-0: 1
14-0-2: 1
14-2-2: 1
14-3-2: 1
14-15-2: 1
14-24-2: 1
14-29-2: 1
14-40-2: 1
14-53-2: 1
17-4-0: 1
17-5-0: 1
17-18-0: 1
17-26-0: 1
17-30-0: 1
17-31-0: 1
17-35-0: 1
17-38-0: 1
17-39-0: 1
17-45-0: 1
17-46-0: 1
17-47-0: 1
17-49-0: 1
17-57-0: 1
22-41-2: 1
22-44-2: 1
284902
272586
281321
275694
278477
285016
284891
281183
274717
277645
279398
284230
279078
280355
277700

279813
