9-1-18-20-
5-
 1  1 
 1  0 
 0  0 
 0  0 
 0  0 
 0  1 
 0  0 
 0  0 
 0  0 
 1  0 
 0  0 
 0  0 
 0  0 
 0  0 
 0  0 
 0  0 
 0  0 
 0  0 
 1  0 
 0  0 
 1  0 

1-25-0: 1
5-1-1: 1
5-2-1: 1
5-3-1: 1
5-8-1: 1
5-12-1: 1
5-13-1: 1
5-15-1: 1
5-16-1: 1
5-23-1: 1
5-30-1: 1
5-32-1: 1
5-33-1: 1
9-6-0: 1
9-9-0: 1
9-10-0: 1
9-11-0: 1
9-14-0: 1
9-18-0: 1
9-24-0: 1
9-27-0: 1
9-28-0: 1
9-31-0: 1
18-4-0: 1
18-21-0: 1
18-26-0: 1
18-29-0: 1
20-0-0: 1
20-7-0: 1
133516
134939
125660
132971
126830
125528
129325
130128
134538
135687
137318
134939
124288
130857
129825

131090
