16-
4-8-15-
 1  1 
 0  0 
 0  0 
 0  0 
 0  1 
 0  0 
 0  0 
 0  0 
 0  1 
 0  0 
 0  0 
 0  0 
 0  0 
 0  0 
 0  0 
 0  1 
 1  0 
 0  0 
 0  0 
 0  0 
 0  0 

4-1-1: 1
4-5-1: 1
4-6-1: 1
4-15-1: 1
4-19-1: 1
4-26-1: 1
8-2-1: 1
8-7-1: 1
8-13-1: 1
8-14-1: 1
8-20-1: 1
8-21-1: 1
8-22-1: 1
8-23-1: 1
8-24-1: 1
8-35-1: 1
8-36-1: 1
8-37-1: 1
15-3-1: 1
15-38-1: 1
16-4-0: 1
16-8-0: 1
16-9-0: 1
16-10-0: 1
16-11-0: 1
16-12-0: 1
16-16-0: 1
16-17-0: 1
16-25-0: 1
16-27-0: 1
16-28-0: 1
16-29-0: 1
16-30-0: 1
16-31-0: 1
16-32-0: 1
16-33-0: 1
16-34-0: 1
194359
195963
194980
195767
194757
192948
196750
192203
195839
195699
195765
194636
187388
187192
197130

194092
