4-9-6-
28-
8-17-
 1  1  1 
 0  0  0 
 0  0  0 
 0  0  0 
 1  0  0 
 0  0  0 
 1  0  0 
 0  0  0 
 0  0  1 
 1  0  0 
 0  0  0 
 0  0  0 
 0  0  0 
 0  0  0 
 0  0  0 
 0  0  0 
 0  0  0 
 0  0  1 
 0  0  0 
 0  0  0 
 0  0  0 
 0  0  0 
 0  0  0 
 0  0  0 
 0  0  0 
 0  0  0 
 0  0  0 
 0  0  0 
 0  1  0 
 0  0  0 
 0  0  0 

4-6-0: 1
4-7-0: 1
4-10-0: 1
4-12-0: 1
4-25-0: 1
4-32-0: 1
4-33-0: 1
4-42-0: 1
4-54-0: 1
4-55-0: 1
4-56-0: 1
6-44-0: 1
6-50-0: 1
8-9-2: 1
8-13-2: 1
8-14-2: 1
8-21-2: 1
8-28-2: 1
9-0-0: 1
9-2-0: 1
9-15-0: 1
9-24-0: 1
9-29-0: 1
9-40-0: 1
9-53-0: 1
17-4-2: 1
17-5-2: 1
17-18-2: 1
17-26-2: 1
17-30-2: 1
17-31-2: 1
17-35-2: 1
17-37-2: 1
17-38-2: 1
17-39-2: 1
17-45-2: 1
17-46-2: 1
17-47-2: 1
17-49-2: 1
17-57-2: 1
28-1-1: 1
28-8-1: 1
28-11-1: 1
28-16-1: 1
28-17-1: 1
28-19-1: 1
28-20-1: 1
28-22-1: 1
28-23-1: 1
28-27-1: 1
28-34-1: 1
28-36-1: 1
28-41-1: 1
28-43-1: 1
28-51-1: 1
28-52-1: 1
281943
276706
279228
279103
280942
270826
283886
284553
280659
280894
280536
282016
270095
278075
277700

279144
