9-
3-5-19-
 1  1 
 0  0 
 0  0 
 0  1 
 0  0 
 0  1 
 0  0 
 0  0 
 0  0 
 1  0 
 0  0 
 0  0 
 0  0 
 0  0 
 0  0 
 0  0 
 0  0 
 0  0 
 0  0 
 0  1 
 0  0 

3-15-1: 1
3-17-1: 1
3-25-1: 1
5-3-1: 1
5-7-1: 1
5-10-1: 1
5-22-1: 1
5-31-1: 1
9-1-0: 1
9-2-0: 1
9-26-0: 1
9-27-0: 1
19-0-1: 1
19-6-1: 1
19-8-1: 1
19-9-1: 1
19-12-1: 1
19-13-1: 1
19-14-1: 1
19-18-1: 1
19-19-1: 1
19-23-1: 1
19-28-1: 1
19-29-1: 1
127710
125359
129706
127792
124331
117767
126583
115748
117140
120356
129116
127630
126545
121558
119245

123772
