29-
4-19-30-
12-15-
 1  1  1 
 0  0  0 
 0  0  0 
 0  0  0 
 0  1  0 
 0  0  0 
 0  0  0 
 0  0  0 
 0  0  0 
 0  0  0 
 0  0  0 
 0  0  0 
 0  0  1 
 0  0  0 
 0  0  0 
 0  0  1 
 0  0  0 
 0  0  0 
 0  0  0 
 0  1  0 
 0  0  0 
 0  0  0 
 0  0  0 
 0  0  0 
 0  0  0 
 0  0  0 
 0  0  0 
 0  0  0 
 0  0  0 
 1  0  0 
 0  1  0 

4-4-1: 1
12-46-2: 1
15-7-2: 1
15-11-2: 1
15-13-2: 1
15-14-2: 1
15-23-2: 1
15-24-2: 1
15-25-2: 1
15-32-2: 1
15-38-2: 1
15-41-2: 1
15-49-2: 1
19-0-1: 1
19-10-1: 1
19-18-1: 1
19-19-1: 1
19-31-1: 1
19-33-1: 1
19-34-1: 1
19-37-1: 1
19-39-1: 1
19-42-1: 1
19-47-1: 1
29-1-0: 1
29-3-0: 1
29-6-0: 1
29-8-0: 1
29-9-0: 1
29-12-0: 1
29-17-0: 1
29-20-0: 1
29-21-0: 1
29-26-0: 1
29-27-0: 1
29-28-0: 1
29-29-0: 1
29-30-0: 1
29-35-0: 1
29-36-0: 1
29-40-0: 1
29-44-0: 1
29-50-0: 1
29-51-0: 1
30-2-1: 1
30-5-1: 1
30-16-1: 1
30-43-1: 1
30-45-1: 1
30-48-1: 1
30-52-1: 1
30-53-1: 1
249337
248518
256895
242490
253371
254021
246908
251536
239904
255460
247970
256487
255399
260099
250116

251234
