6-15-
35-8-26-
39-
24-
 1  1  1  1 
 0  0  0  0 
 0  0  0  0 
 0  0  0  0 
 0  0  0  0 
 0  0  0  0 
 1  0  0  0 
 0  0  0  0 
 0  1  0  0 
 0  0  0  0 
 0  0  0  0 
 0  0  0  0 
 0  0  0  0 
 0  0  0  0 
 0  0  0  0 
 1  0  0  0 
 0  0  0  0 
 0  0  0  0 
 0  0  0  0 
 0  0  0  0 
 0  0  0  0 
 0  0  0  0 
 0  0  0  0 
 0  0  0  0 
 0  0  0  1 
 0  0  0  0 
 0  1  0  0 
 0  0  0  0 
 0  0  0  0 
 0  0  0  0 
 0  0  0  0 
 0  0  0  0 
 0  0  0  0 
 0  0  0  0 
 0  0  0  0 
 0  1  0  0 
 0  0  0  0 
 0  0  0  0 
 0  0  0  0 
 0  0  1  0 
 0  0  0  0 

6-3-0: 1
6-6-0: 1
6-9-0: 1
6-26-0: 1
6-43-0: 1
6-44-0: 1
6-52-0: 1
6-60-0: 1
8-10-1: 1
8-11-1: 1
8-13-1: 1
8-19-1: 1
8-23-1: 1
8-32-1: 1
8-35-1: 1
8-39-1: 1
8-40-1: 1
8-41-1: 1
8-42-1: 1
8-45-1: 1
8-47-1: 1
8-48-1: 1
8-57-1: 1
8-58-1: 1
15-5-0: 1
15-8-0: 1
15-14-0: 1
15-16-0: 1
15-21-0: 1
15-22-0: 1
15-25-0: 1
15-33-0: 1
15-36-0: 1
15-37-0: 1
15-38-0: 1
15-56-0: 1
24-15-3: 1
24-17-3: 1
24-18-3: 1
24-30-3: 1
24-54-3: 1
24-55-3: 1
24-61-3: 1
24-62-3: 1
24-63-3: 1
35-1-1: 1
35-46-1: 1
35-49-1: 1
35-50-1: 1
39-0-2: 1
39-2-2: 1
39-4-2: 1
39-7-2: 1
39-12-2: 1
39-20-2: 1
39-24-2: 1
39-27-2: 1
39-28-2: 1
39-29-2: 1
39-31-2: 1
39-34-2: 1
39-51-2: 1
39-53-2: 1
39-59-2: 1
316989
319409
325309
315909
330610
323967
325606
323483
325706
329889
324861
314067
321303
325957
329926

323533
