19-
7-
4-30-
 1  1  1 
 0  0  0 
 0  0  0 
 0  0  0 
 0  0  1 
 0  0  0 
 0  0  0 
 0  1  0 
 0  0  0 
 0  0  0 
 0  0  0 
 0  0  0 
 0  0  0 
 0  0  0 
 0  0  0 
 0  0  0 
 0  0  0 
 0  0  0 
 0  0  0 
 1  0  0 
 0  0  0 
 0  0  0 
 0  0  0 
 0  0  0 
 0  0  0 
 0  0  0 
 0  0  0 
 0  0  0 
 0  0  0 
 0  0  0 
 0  0  1 

4-6-2: 1
4-20-2: 1
7-11-1: 1
7-13-1: 1
7-14-1: 1
7-23-1: 1
7-25-1: 1
7-26-1: 1
7-29-1: 1
7-32-1: 1
7-38-1: 1
7-40-1: 1
7-41-1: 1
7-51-1: 1
19-0-0: 1
19-1-0: 1
19-4-0: 1
19-7-0: 1
19-10-0: 1
19-12-0: 1
19-18-0: 1
19-19-0: 1
19-24-0: 1
19-27-0: 1
19-31-0: 1
19-33-0: 1
19-34-0: 1
19-36-0: 1
19-37-0: 1
19-39-0: 1
19-42-0: 1
19-46-0: 1
19-47-0: 1
19-50-0: 1
30-2-2: 1
30-3-2: 1
30-5-2: 1
30-8-2: 1
30-9-2: 1
30-16-2: 1
30-17-2: 1
30-21-2: 1
30-28-2: 1
30-30-2: 1
30-35-2: 1
30-43-2: 1
30-44-2: 1
30-45-2: 1
30-48-2: 1
30-49-2: 1
30-52-2: 1
30-53-2: 1
252738
253729
252820
240846
253190
249299
254372
245363
254808
255181
243568
255780
256176
256308
250422

251640
