19-
27-
12-14-17-38-
6-8-
 1  1  1  1 
 0  0  0  0 
 0  0  0  0 
 0  0  0  0 
 0  0  0  0 
 0  0  0  0 
 0  0  0  1 
 0  0  0  0 
 0  0  0  1 
 0  0  0  0 
 0  0  0  0 
 0  0  0  0 
 0  0  1  0 
 0  0  0  0 
 0  0  1  0 
 0  0  0  0 
 0  0  0  0 
 0  0  1  0 
 0  0  0  0 
 1  0  0  0 
 0  0  0  0 
 0  0  0  0 
 0  0  0  0 
 0  0  0  0 
 0  0  0  0 
 0  0  0  0 
 0  0  0  0 
 0  1  0  0 
 0  0  0  0 
 0  0  0  0 
 0  0  0  0 
 0  0  0  0 
 0  0  0  0 
 0  0  0  0 
 0  0  0  0 
 0  0  0  0 
 0  0  0  0 
 0  0  0  0 
 0  0  1  0 
 0  0  0  0 
 0  0  0  0 

6-3-3: 1
6-4-3: 1
6-8-3: 1
6-9-3: 1
6-13-3: 1
6-26-3: 1
6-29-3: 1
6-30-3: 1
6-38-3: 1
6-39-3: 1
6-40-3: 1
6-43-3: 1
6-64-3: 1
6-69-3: 1
8-1-3: 1
8-15-3: 1
8-20-3: 1
8-37-3: 1
8-57-3: 1
8-65-3: 1
12-19-2: 1
14-2-2: 1
14-6-2: 1
14-14-2: 1
14-22-2: 1
14-23-2: 1
14-48-2: 1
14-53-2: 1
17-7-2: 1
17-27-2: 1
17-35-2: 1
17-36-2: 1
17-49-2: 1
17-50-2: 1
19-0-0: 1
19-12-0: 1
19-16-0: 1
19-24-0: 1
19-32-0: 1
19-33-0: 1
19-34-0: 1
19-41-0: 1
19-42-0: 1
19-47-0: 1
19-54-0: 1
19-56-0: 1
19-58-0: 1
19-63-0: 1
27-5-1: 1
27-10-1: 1
27-21-1: 1
27-31-1: 1
27-45-1: 1
27-46-1: 1
27-52-1: 1
27-55-1: 1
27-59-1: 1
27-60-1: 1
27-61-1: 1
27-62-1: 1
38-11-2: 1
38-17-2: 1
38-18-2: 1
38-25-2: 1
38-28-2: 1
38-66-2: 1
316332
314834
316217
314223
312725
309997
314737
310470
304667
318105
319845
319552
318518
322586
319742

315503
