9-3-20-
5-19-
 1  1 
 0  0 
 0  0 
 1  0 
 0  0 
 0  1 
 0  0 
 0  0 
 0  0 
 1  0 
 0  0 
 0  0 
 0  0 
 0  0 
 0  0 
 0  0 
 0  0 
 0  0 
 0  0 
 0  1 
 1  0 

3-2-0: 1
3-15-0: 1
3-17-0: 1
3-25-0: 1
5-3-1: 1
5-7-1: 1
5-10-1: 1
5-22-1: 1
5-27-1: 1
5-31-1: 1
9-1-0: 1
9-26-0: 1
19-0-1: 1
19-6-1: 1
19-9-1: 1
19-12-1: 1
19-13-1: 1
19-18-1: 1
19-19-1: 1
19-23-1: 1
19-28-1: 1
19-29-1: 1
20-8-0: 1
20-14-0: 1
20-30-0: 1
127710
125359
130996
130772
118009
120520
126583
115748
121422
120278
128663
125240
126530
128663
117056

124236
