11-19-
1-
9-34-
1-
 1  1  1  1 
 0  1  0  1 
 0  0  0  0 
 0  0  0  0 
 0  0  0  0 
 0  0  0  0 
 0  0  0  0 
 0  0  0  0 
 0  0  0  0 
 0  0  1  0 
 0  0  0  0 
 1  0  0  0 
 0  0  0  0 
 0  0  0  0 
 0  0  0  0 
 0  0  0  0 
 0  0  0  0 
 0  0  0  0 
 0  0  0  0 
 1  0  0  0 
 0  0  0  0 
 0  0  0  0 
 0  0  0  0 
 0  0  0  0 
 0  0  0  0 
 0  0  0  0 
 0  0  0  0 
 0  0  0  0 
 0  0  0  0 
 0  0  0  0 
 0  0  0  0 
 0  0  0  0 
 0  0  0  0 
 0  0  0  0 
 0  0  1  0 
 0  0  0  0 
 0  0  0  0 
 0  0  0  0 
 0  0  0  0 
 0  0  0  0 
 0  0  0  0 

1-0-1: 1
1-1-1: 1
1-4-3: 1
1-6-1: 1
1-7-1: 1
1-11-1: 1
1-14-1: 1
1-18-1: 1
1-20-3: 1
1-26-3: 1
1-27-1: 1
1-38-3: 1
1-39-3: 1
1-40-3: 1
1-41-3: 1
1-42-3: 1
1-43-3: 1
1-50-3: 1
1-53-3: 1
1-58-3: 1
1-59-3: 1
1-60-1: 1
1-64-3: 1
1-66-1: 1
1-67-1: 1
1-68-3: 1
1-69-3: 1
1-70-3: 1
1-71-1: 1
1-73-1: 1
9-3-2: 1
9-9-2: 1
9-10-2: 1
9-13-2: 1
9-15-2: 1
9-21-2: 1
9-29-2: 1
9-61-2: 1
9-63-2: 1
11-5-0: 1
11-12-0: 1
11-22-0: 1
11-23-0: 1
11-24-0: 1
11-25-0: 1
11-32-0: 1
11-34-0: 1
11-35-0: 1
11-36-0: 1
11-46-0: 1
11-47-0: 1
11-48-0: 1
11-51-0: 1
11-52-0: 1
11-55-0: 1
11-57-0: 1
19-30-0: 1
19-33-0: 1
19-54-0: 1
34-8-2: 1
34-16-2: 1
34-17-2: 1
34-19-2: 1
34-37-2: 1
34-44-2: 1
34-49-2: 1
34-56-2: 1
34-62-2: 1
34-65-2: 1
34-72-2: 1
378628
379046
381540
380657
379412
383860
381012
374451
387184
372046
384997
379964
380819
376967
378747

379955
