9-18-
15-20-32-
30-
40-
 1  1  1  1 
 0  0  0  0 
 0  0  0  0 
 0  0  0  0 
 0  0  0  0 
 0  0  0  0 
 0  0  0  0 
 0  0  0  0 
 0  0  0  0 
 1  0  0  0 
 0  0  0  0 
 0  0  0  0 
 0  0  0  0 
 0  0  0  0 
 0  0  0  0 
 0  1  0  0 
 0  0  0  0 
 0  0  0  0 
 1  0  0  0 
 0  0  0  0 
 0  1  0  0 
 0  0  0  0 
 0  0  0  0 
 0  0  0  0 
 0  0  0  0 
 0  0  0  0 
 0  0  0  0 
 0  0  0  0 
 0  0  0  0 
 0  0  0  0 
 0  0  1  0 
 0  0  0  0 
 0  1  0  0 
 0  0  0  0 
 0  0  0  0 
 0  0  0  0 
 0  0  0  0 
 0  0  0  0 
 0  0  0  0 
 0  0  0  0 
 0  0  0  1 

9-15-0: 1
9-16-0: 1
9-40-0: 1
9-44-0: 1
9-45-0: 1
9-50-0: 1
9-54-0: 1
9-66-0: 1
9-73-0: 1
15-2-1: 1
15-6-1: 1
15-9-1: 1
15-10-1: 1
15-21-1: 1
15-26-1: 1
15-27-1: 1
15-30-1: 1
15-42-1: 1
15-43-1: 1
15-49-1: 1
15-53-1: 1
18-12-0: 1
18-28-0: 1
18-29-0: 1
18-32-0: 1
18-33-0: 1
18-38-0: 1
18-41-0: 1
18-57-0: 1
18-58-0: 1
18-62-0: 1
18-74-0: 1
20-1-1: 1
20-31-1: 1
20-37-1: 1
20-52-1: 1
20-55-1: 1
20-71-1: 1
20-72-1: 1
30-0-2: 1
30-5-2: 1
30-7-2: 1
30-11-2: 1
30-14-2: 1
30-18-2: 1
30-24-2: 1
30-51-2: 1
30-56-2: 1
30-59-2: 1
30-61-2: 1
30-67-2: 1
30-68-2: 1
30-69-2: 1
30-70-2: 1
32-36-1: 1
40-3-3: 1
40-4-3: 1
40-8-3: 1
40-13-3: 1
40-19-3: 1
40-20-3: 1
40-22-3: 1
40-23-3: 1
40-25-3: 1
40-34-3: 1
40-35-3: 1
40-39-3: 1
40-46-3: 1
40-48-3: 1
40-60-3: 1
40-63-3: 1
40-64-3: 1
40-65-3: 1
40-75-3: 1
40-76-3: 1
355504
344326
359646
352823
358477
368714
357872
355274
353564
346881
354106
353611
356675
359510
363585

356038
