31-
6-18-21-38-
27-33-
4-
 1  1  1  1 
 0  0  0  0 
 0  0  0  0 
 0  0  0  0 
 0  0  0  1 
 0  0  0  0 
 0  1  0  0 
 0  0  0  0 
 0  0  0  0 
 0  0  0  0 
 0  0  0  0 
 0  0  0  0 
 0  0  0  0 
 0  0  0  0 
 0  0  0  0 
 0  0  0  0 
 0  0  0  0 
 0  0  0  0 
 0  1  0  0 
 0  0  0  0 
 0  0  0  0 
 0  1  0  0 
 0  0  0  0 
 0  0  0  0 
 0  0  0  0 
 0  0  0  0 
 0  0  0  0 
 0  0  1  0 
 0  0  0  0 
 0  0  0  0 
 0  0  0  0 
 1  0  0  0 
 0  0  0  0 
 0  0  1  0 
 0  0  0  0 
 0  0  0  0 
 0  0  0  0 
 0  0  0  0 
 0  1  0  0 
 0  0  0  0 
 0  0  0  0 

4-0-3: 1
4-1-3: 1
4-3-3: 1
4-8-3: 1
4-15-3: 1
4-16-3: 1
4-24-3: 1
4-32-3: 1
4-33-3: 1
4-34-3: 1
4-37-3: 1
4-47-3: 1
4-56-3: 1
4-57-3: 1
4-63-3: 1
6-13-1: 1
6-38-1: 1
6-64-1: 1
18-4-1: 1
18-9-1: 1
18-26-1: 1
18-29-1: 1
18-30-1: 1
18-40-1: 1
18-43-1: 1
18-69-1: 1
21-7-1: 1
21-27-1: 1
21-35-1: 1
21-36-1: 1
21-49-1: 1
27-10-2: 1
27-55-2: 1
31-11-0: 1
31-12-0: 1
31-19-0: 1
31-23-0: 1
31-25-0: 1
31-41-0: 1
31-42-0: 1
31-53-0: 1
31-54-0: 1
31-58-0: 1
33-2-2: 1
33-5-2: 1
33-6-2: 1
33-14-2: 1
33-20-2: 1
33-21-2: 1
33-31-2: 1
33-39-2: 1
33-45-2: 1
33-46-2: 1
33-48-2: 1
33-52-2: 1
33-59-2: 1
33-60-2: 1
33-61-2: 1
33-62-2: 1
33-65-2: 1
33-67-2: 1
38-17-1: 1
38-18-1: 1
38-28-1: 1
38-66-1: 1
310711
324805
318930
314920
310545
309997
319191
310786
318459
315489
320601
312397
323415
322859
315682

316586
