30-
11-23-
12-
 1  1  1 
 0  0  0 
 0  0  0 
 0  0  0 
 0  0  0 
 0  0  0 
 0  0  0 
 0  0  0 
 0  0  0 
 0  0  0 
 0  0  0 
 0  1  0 
 0  0  1 
 0  0  0 
 0  0  0 
 0  0  0 
 0  0  0 
 0  0  0 
 0  0  0 
 0  0  0 
 0  0  0 
 0  0  0 
 0  0  0 
 0  1  0 
 0  0  0 
 0  0  0 
 0  0  0 
 0  0  0 
 0  0  0 
 0  0  0 
 1  0  0 

11-7-1: 1
11-8-1: 1
11-19-1: 1
11-31-1: 1
11-33-1: 1
11-39-1: 1
11-41-1: 1
12-0-2: 1
12-2-2: 1
12-3-2: 1
12-11-2: 1
12-13-2: 1
12-21-2: 1
12-22-2: 1
12-23-2: 1
12-27-2: 1
12-29-2: 1
12-30-2: 1
12-32-2: 1
12-37-2: 1
12-40-2: 1
12-44-2: 1
12-45-2: 1
12-51-2: 1
12-54-2: 1
23-1-1: 1
23-6-1: 1
23-9-1: 1
23-10-1: 1
23-17-1: 1
23-18-1: 1
23-25-1: 1
23-26-1: 1
23-35-1: 1
23-36-1: 1
23-42-1: 1
23-48-1: 1
23-49-1: 1
30-4-0: 1
30-5-0: 1
30-12-0: 1
30-14-0: 1
30-15-0: 1
30-20-0: 1
30-24-0: 1
30-34-0: 1
30-38-0: 1
30-43-0: 1
30-46-0: 1
30-47-0: 1
30-50-0: 1
30-52-0: 1
30-53-0: 1
264200
257942
267288
256803
259986
259775
263460
264186
260522
255908
267891
262368
259654
263263
268143

262093
