28-
1-40-
16-23-29-38-
15-26-
 1  1  1  1 
 0  1  0  0 
 0  0  0  0 
 0  0  0  0 
 0  0  0  0 
 0  0  0  0 
 0  0  0  0 
 0  0  0  0 
 0  0  0  0 
 0  0  0  0 
 0  0  0  0 
 0  0  0  0 
 0  0  0  0 
 0  0  0  0 
 0  0  0  0 
 0  0  0  1 
 0  0  1  0 
 0  0  0  0 
 0  0  0  0 
 0  0  0  0 
 0  0  0  0 
 0  0  0  0 
 0  0  0  0 
 0  0  1  0 
 0  0  0  0 
 0  0  0  0 
 0  0  0  1 
 0  0  0  0 
 1  0  0  0 
 0  0  1  0 
 0  0  0  0 
 0  0  0  0 
 0  0  0  0 
 0  0  0  0 
 0  0  0  0 
 0  0  0  0 
 0  0  0  0 
 0  0  0  0 
 0  0  1  0 
 0  0  0  0 
 0  1  0  0 

1-1-1: 1
1-8-1: 1
1-9-1: 1
1-10-1: 1
1-18-1: 1
1-24-1: 1
1-27-1: 1
1-32-1: 1
1-33-1: 1
1-45-1: 1
1-50-1: 1
1-51-1: 1
1-52-1: 1
1-56-1: 1
1-61-1: 1
1-71-1: 1
1-72-1: 1
15-41-3: 1
15-48-3: 1
15-70-3: 1
16-15-2: 1
16-16-2: 1
16-21-2: 1
16-34-2: 1
16-35-2: 1
16-54-2: 1
16-57-2: 1
16-60-2: 1
16-65-2: 1
23-3-2: 1
23-11-2: 1
23-12-2: 1
23-13-2: 1
23-25-2: 1
23-30-2: 1
23-31-2: 1
23-42-2: 1
23-43-2: 1
26-4-3: 1
26-5-3: 1
26-22-3: 1
26-28-3: 1
26-29-3: 1
26-37-3: 1
26-47-3: 1
26-55-3: 1
26-58-3: 1
26-59-3: 1
26-62-3: 1
26-66-3: 1
26-67-3: 1
28-6-0: 1
28-14-0: 1
28-17-0: 1
28-19-0: 1
28-23-0: 1
28-26-0: 1
28-38-0: 1
28-39-0: 1
28-40-0: 1
28-46-0: 1
28-49-0: 1
28-53-0: 1
28-63-0: 1
28-68-0: 1
28-69-0: 1
38-7-2: 1
38-36-2: 1
40-0-1: 1
40-73-1: 1
40-74-1: 1
333285
338049
351202
347477
341074
338065
342874
351962
343351
345447
351593
337609
350309
345458
346509

344284
