14-
15-20-32-
13-30-
9-19-40-
 1  1  1  1 
 0  0  0  0 
 0  0  0  0 
 0  0  0  0 
 0  0  0  0 
 0  0  0  0 
 0  0  0  0 
 0  0  0  0 
 0  0  0  0 
 0  0  0  1 
 0  0  0  0 
 0  0  0  0 
 0  0  0  0 
 0  0  1  0 
 1  0  0  0 
 0  1  0  0 
 0  0  0  0 
 0  0  0  0 
 0  0  0  0 
 0  0  0  1 
 0  1  0  0 
 0  0  0  0 
 0  0  0  0 
 0  0  0  0 
 0  0  0  0 
 0  0  0  0 
 0  0  0  0 
 0  0  0  0 
 0  0  0  0 
 0  0  0  0 
 0  0  1  0 
 0  0  0  0 
 0  1  0  0 
 0  0  0  0 
 0  0  0  0 
 0  0  0  0 
 0  0  0  0 
 0  0  0  0 
 0  0  0  0 
 0  0  0  0 
 0  0  0  1 

9-15-3: 1
9-16-3: 1
9-38-3: 1
9-40-3: 1
9-44-3: 1
9-45-3: 1
9-58-3: 1
9-73-3: 1
9-74-3: 1
13-3-2: 1
13-4-2: 1
13-5-2: 1
13-7-2: 1
13-8-2: 1
13-11-2: 1
13-13-2: 1
13-14-2: 1
13-20-2: 1
13-25-2: 1
13-39-2: 1
13-48-2: 1
13-49-2: 1
13-56-2: 1
13-60-2: 1
13-67-2: 1
13-76-2: 1
14-0-0: 1
14-12-0: 1
14-18-0: 1
14-22-0: 1
14-24-0: 1
14-28-0: 1
14-29-0: 1
14-33-0: 1
14-41-0: 1
14-51-0: 1
14-57-0: 1
14-61-0: 1
14-62-0: 1
14-63-0: 1
14-75-0: 1
15-2-1: 1
15-6-1: 1
15-9-1: 1
15-10-1: 1
15-21-1: 1
15-26-1: 1
15-27-1: 1
15-30-1: 1
15-42-1: 1
15-43-1: 1
15-53-1: 1
19-17-3: 1
19-19-3: 1
19-23-3: 1
19-34-3: 1
19-35-3: 1
19-46-3: 1
19-50-3: 1
19-54-3: 1
19-64-3: 1
19-66-3: 1
20-1-1: 1
20-31-1: 1
20-37-1: 1
20-52-1: 1
20-55-1: 1
20-71-1: 1
20-72-1: 1
30-59-2: 1
30-69-2: 1
30-70-2: 1
32-36-1: 1
32-68-1: 1
40-65-3: 1
355828
350443
346860
347733
354302
361744
351796
356089
353974
359587
358388
352654
349357
355196
358795

354183
