5-
2-9-
 1  1 
 0  0 
 0  1 
 0  0 
 0  0 
 1  0 
 0  0 
 0  0 
 0  0 
 0  1 
 0  0 
 0  0 
 0  0 
 0  0 
 0  0 
 0  0 
 0  0 
 0  0 
 0  0 
 0  0 
 0  0 

2-3-1: 1
2-8-1: 1
2-10-1: 1
2-12-1: 1
2-13-1: 1
2-15-1: 1
2-16-1: 1
2-23-1: 1
2-27-1: 1
2-28-1: 1
2-30-1: 1
5-0-0: 1
5-1-0: 1
5-2-0: 1
5-4-0: 1
5-7-0: 1
5-25-0: 1
5-26-0: 1
5-29-0: 1
5-32-0: 1
5-33-0: 1
9-6-1: 1
9-9-1: 1
9-11-1: 1
9-14-1: 1
9-18-1: 1
9-24-1: 1
9-31-1: 1
133516
135108
126209
132015
126830
129226
129895
130487
134538
135687
132957
134939
129593
130857
130579

131496
