38-
28-
3-23-
1-15-
 1  1  1  1 
 0  0  0  1 
 0  0  0  0 
 0  0  1  0 
 0  0  0  0 
 0  0  0  0 
 0  0  0  0 
 0  0  0  0 
 0  0  0  0 
 0  0  0  0 
 0  0  0  0 
 0  0  0  0 
 0  0  0  0 
 0  0  0  0 
 0  0  0  0 
 0  0  0  1 
 0  0  0  0 
 0  0  0  0 
 0  0  0  0 
 0  0  0  0 
 0  0  0  0 
 0  0  0  0 
 0  0  0  0 
 0  0  1  0 
 0  0  0  0 
 0  0  0  0 
 0  0  0  0 
 0  0  0  0 
 0  1  0  0 
 0  0  0  0 
 0  0  0  0 
 0  0  0  0 
 0  0  0  0 
 0  0  0  0 
 0  0  0  0 
 0  0  0  0 
 0  0  0  0 
 0  0  0  0 
 1  0  0  0 
 0  0  0  0 
 0  0  0  0 

1-0-3: 1
1-1-3: 1
1-8-3: 1
1-9-3: 1
1-10-3: 1
1-18-3: 1
1-24-3: 1
1-27-3: 1
1-32-3: 1
1-33-3: 1
1-45-3: 1
1-50-3: 1
1-51-3: 1
1-52-3: 1
1-56-3: 1
1-61-3: 1
1-71-3: 1
1-72-3: 1
1-73-3: 1
3-3-2: 1
3-4-2: 1
3-5-2: 1
3-15-2: 1
3-21-2: 1
3-28-2: 1
3-34-2: 1
3-37-2: 1
3-57-2: 1
3-59-2: 1
3-66-2: 1
15-74-3: 1
23-11-2: 1
23-12-2: 1
23-13-2: 1
23-25-2: 1
23-30-2: 1
23-31-2: 1
23-42-2: 1
23-43-2: 1
23-62-2: 1
28-19-1: 1
28-22-1: 1
28-29-1: 1
28-40-1: 1
28-41-1: 1
28-47-1: 1
28-48-1: 1
28-55-1: 1
28-58-1: 1
28-67-1: 1
28-70-1: 1
38-6-0: 1
38-7-0: 1
38-14-0: 1
38-16-0: 1
38-17-0: 1
38-23-0: 1
38-26-0: 1
38-36-0: 1
38-38-0: 1
38-39-0: 1
38-46-0: 1
38-49-0: 1
38-53-0: 1
38-54-0: 1
38-60-0: 1
38-63-0: 1
38-65-0: 1
38-68-0: 1
38-69-0: 1
345169
345086
352608
343619
345139
345563
344186
356158
349492
343506
350080
352025
340440
341371
352988

347162
