32-
9-28-39-
23-
22-
 1  1  1  1 
 0  0  0  0 
 0  0  0  0 
 0  0  0  0 
 0  1  0  0 
 0  0  0  0 
 0  0  0  0 
 0  0  0  0 
 0  0  0  0 
 0  1  0  0 
 0  0  0  0 
 0  0  0  0 
 0  0  0  0 
 0  0  0  0 
 0  0  0  0 
 0  0  0  0 
 0  0  0  0 
 0  0  0  0 
 0  0  0  0 
 0  1  0  0 
 0  0  0  0 
 0  0  0  0 
 0  0  0  1 
 0  0  1  0 
 0  0  0  0 
 0  0  0  0 
 0  0  0  0 
 0  0  0  0 
 0  1  0  0 
 0  0  0  0 
 0  0  0  0 
 0  0  0  0 
 1  0  0  0 
 0  0  0  0 
 0  0  0  0 
 0  0  0  0 
 0  0  0  0 
 0  0  0  0 
 0  0  0  0 
 0  1  0  0 
 0  0  0  0 

9-3-1: 1
9-9-1: 1
9-10-1: 1
9-13-1: 1
9-17-1: 1
9-21-1: 1
9-23-1: 1
9-29-1: 1
9-44-1: 1
9-61-1: 1
9-63-1: 1
22-4-3: 1
22-7-3: 1
22-8-3: 1
22-11-3: 1
22-16-3: 1
22-19-3: 1
22-37-3: 1
22-39-3: 1
22-40-3: 1
22-49-3: 1
22-50-3: 1
22-56-3: 1
22-58-3: 1
22-62-3: 1
22-65-3: 1
22-67-3: 1
22-68-3: 1
22-69-3: 1
22-72-3: 1
22-73-3: 1
23-0-2: 1
23-6-2: 1
23-14-2: 1
23-27-2: 1
23-38-2: 1
23-41-2: 1
23-42-2: 1
23-43-2: 1
23-53-2: 1
23-59-2: 1
23-60-2: 1
23-64-2: 1
23-66-2: 1
23-70-2: 1
23-71-2: 1
28-2-1: 1
28-12-1: 1
28-32-1: 1
28-36-1: 1
32-5-0: 1
32-15-0: 1
32-20-0: 1
32-22-0: 1
32-24-0: 1
32-25-0: 1
32-33-0: 1
32-34-0: 1
32-35-0: 1
32-46-0: 1
32-47-0: 1
32-48-0: 1
32-51-0: 1
32-52-0: 1
32-54-0: 1
32-55-0: 1
32-57-0: 1
39-1-1: 1
39-18-1: 1
39-26-1: 1
39-30-1: 1
39-31-1: 1
397559
394080
389340
397340
397508
394245
396169
397559
387919
395493
397559
393212
394021
397340
385865

394347
