11-9-7-3-
20-
 1  1 
 0  0 
 0  0 
 1  0 
 0  0 
 0  0 
 0  0 
 1  0 
 1  0 
 1  0 
 0  0 
 1  0 
 0  0 
 0  0 
 0  0 
 0  0 
 0  0 
 0  0 
 0  0 
 0  0 
 0  1 

3-0-0: 1
3-21-0: 1
7-10-0: 1
7-11-0: 1
7-12-0: 1
7-14-0: 1
7-25-0: 1
7-26-0: 1
7-30-0: 1
7-32-0: 1
9-2-0: 1
9-3-0: 1
9-6-0: 1
9-15-0: 1
9-19-0: 1
11-7-0: 1
11-17-0: 1
11-18-0: 1
11-24-0: 1
11-33-0: 1
20-4-1: 1
20-5-1: 1
20-8-1: 1
20-9-1: 1
20-13-1: 1
20-16-1: 1
20-20-1: 1
20-22-1: 1
20-23-1: 1
20-27-1: 1
20-28-1: 1
20-29-1: 1
20-31-1: 1
20-34-1: 1
162160
160409
160962
162988
162160
162988
162988
159411
159629
162988
160962
162988
162988
160962
160962

161703
