6-35-8-
39-
17-
15-
 1  1  1  1 
 0  0  0  0 
 0  0  0  0 
 0  0  0  0 
 1  0  0  0 
 0  0  0  0 
 1  0  0  0 
 0  0  0  0 
 1  0  0  0 
 0  0  0  0 
 0  0  0  0 
 0  0  0  0 
 0  0  0  0 
 0  0  0  0 
 0  0  0  0 
 0  0  0  1 
 0  0  0  0 
 0  0  1  0 
 0  0  0  0 
 0  0  0  0 
 0  0  0  0 
 0  0  0  0 
 1  0  0  0 
 0  0  0  0 
 0  0  0  0 
 0  0  0  0 
 0  0  0  0 
 0  0  0  0 
 0  0  0  0 
 0  0  0  0 
 0  0  0  0 
 0  0  0  0 
 0  0  0  0 
 0  0  0  0 
 0  0  0  0 
 1  0  0  0 
 0  0  0  0 
 0  0  0  0 
 0  0  0  0 
 0  1  0  0 
 0  0  0  0 

6-26-0: 1
8-10-0: 1
8-11-0: 1
8-13-0: 1
8-19-0: 1
8-23-0: 1
8-32-0: 1
8-35-0: 1
8-39-0: 1
8-40-0: 1
8-41-0: 1
8-42-0: 1
8-45-0: 1
8-47-0: 1
8-48-0: 1
8-57-0: 1
8-58-0: 1
15-5-3: 1
15-8-3: 1
15-14-3: 1
15-15-3: 1
15-16-3: 1
15-17-3: 1
15-18-3: 1
15-21-3: 1
15-22-3: 1
15-25-3: 1
15-33-3: 1
15-36-3: 1
15-37-3: 1
15-38-3: 1
15-55-3: 1
15-56-3: 1
17-3-2: 1
17-6-2: 1
17-7-2: 1
17-9-2: 1
17-27-2: 1
17-43-2: 1
17-44-2: 1
17-49-2: 1
17-50-2: 1
17-51-2: 1
17-52-2: 1
17-54-2: 1
17-60-2: 1
17-62-2: 1
17-63-2: 1
35-1-0: 1
35-34-0: 1
35-46-0: 1
39-0-1: 1
39-2-1: 1
39-4-1: 1
39-12-1: 1
39-20-1: 1
39-24-1: 1
39-28-1: 1
39-29-1: 1
39-30-1: 1
39-31-1: 1
39-53-1: 1
39-59-1: 1
39-61-1: 1
331706
333943
329927
332152
332152
331910
327041
332152
331542
327824
331910
332152
332152
331910
331542

331334
