9-4-
5-
10-17-
 1  1  1 
 0  0  0 
 0  0  0 
 0  0  0 
 1  0  0 
 0  1  0 
 0  0  0 
 0  0  0 
 0  0  0 
 1  0  0 
 0  0  1 
 0  0  0 
 0  0  0 
 0  0  0 
 0  0  0 
 0  0  0 
 0  0  0 
 0  0  1 
 0  0  0 
 0  0  0 
 0  0  0 
 0  0  0 
 0  0  1 
 0  0  0 
 0  0  0 
 0  0  0 
 0  0  0 
 0  0  0 
 0  0  0 
 0  0  0 
 0  0  1 

4-6-0: 1
4-7-0: 1
4-10-0: 1
4-25-0: 1
4-32-0: 1
4-33-0: 1
4-42-0: 1
4-54-0: 1
4-55-0: 1
4-56-0: 1
5-1-1: 1
5-8-1: 1
5-11-1: 1
5-12-1: 1
5-16-1: 1
5-17-1: 1
5-19-1: 1
5-20-1: 1
5-22-1: 1
5-23-1: 1
5-27-1: 1
5-34-1: 1
5-36-1: 1
5-41-1: 1
5-43-1: 1
5-44-1: 1
5-51-1: 1
5-52-1: 1
9-0-0: 1
9-2-0: 1
9-15-0: 1
9-24-0: 1
9-29-0: 1
9-40-0: 1
9-50-0: 1
9-53-0: 1
10-9-2: 1
10-13-2: 1
10-14-2: 1
10-21-2: 1
10-28-2: 1
10-37-2: 1
17-4-2: 1
17-5-2: 1
17-18-2: 1
17-26-2: 1
17-30-2: 1
17-31-2: 1
17-35-2: 1
17-38-2: 1
17-39-2: 1
17-45-2: 1
17-46-2: 1
17-47-2: 1
17-49-2: 1
17-57-2: 1
284024
283770
284969
284969
281148
284894
283484
283899
284902
285537
286996
281460
279473
286118
284659

284020
