5-9-18-
20-15-
30-
13-
 1  1  1  1 
 0  0  0  0 
 0  0  0  0 
 0  0  0  0 
 0  0  0  0 
 1  0  0  0 
 0  0  0  0 
 0  0  0  0 
 0  0  0  0 
 1  0  0  0 
 0  0  0  0 
 0  0  0  0 
 0  0  0  0 
 0  0  0  1 
 0  0  0  0 
 0  1  0  0 
 0  0  0  0 
 0  0  0  0 
 1  0  0  0 
 0  0  0  0 
 0  1  0  0 
 0  0  0  0 
 0  0  0  0 
 0  0  0  0 
 0  0  0  0 
 0  0  0  0 
 0  0  0  0 
 0  0  0  0 
 0  0  0  0 
 0  0  0  0 
 0  0  1  0 
 0  0  0  0 
 0  0  0  0 
 0  0  0  0 
 1  0  0  0 
 0  0  0  0 
 0  0  0  0 
 0  1  0  0 
 0  0  0  0 
 0  0  0  0 
 0  0  0  0 

5-23-0: 1
5-46-0: 1
5-54-0: 1
5-64-0: 1
5-65-0: 1
9-15-0: 1
9-16-0: 1
9-40-0: 1
9-44-0: 1
9-45-0: 1
9-66-0: 1
9-73-0: 1
13-3-3: 1
13-4-3: 1
13-5-3: 1
13-7-3: 1
13-8-3: 1
13-13-3: 1
13-14-3: 1
13-19-3: 1
13-20-3: 1
13-25-3: 1
13-34-3: 1
13-35-3: 1
13-39-3: 1
13-48-3: 1
13-49-3: 1
13-50-3: 1
13-56-3: 1
13-60-3: 1
13-67-3: 1
13-76-3: 1
15-2-1: 1
15-6-1: 1
15-9-1: 1
15-10-1: 1
15-21-1: 1
15-26-1: 1
15-27-1: 1
15-30-1: 1
15-42-1: 1
15-43-1: 1
15-53-1: 1
18-28-0: 1
18-29-0: 1
18-32-0: 1
18-33-0: 1
18-38-0: 1
18-57-0: 1
18-58-0: 1
18-74-0: 1
20-0-1: 1
20-1-1: 1
20-31-1: 1
20-37-1: 1
20-41-1: 1
20-52-1: 1
20-55-1: 1
20-71-1: 1
20-72-1: 1
30-11-2: 1
30-12-2: 1
30-18-2: 1
30-22-2: 1
30-24-2: 1
30-36-2: 1
30-51-2: 1
30-59-2: 1
30-61-2: 1
30-62-2: 1
30-63-2: 1
30-68-2: 1
30-69-2: 1
30-70-2: 1
30-75-2: 1
371273
353055
359509
363541
373002
372191
372995
367030
366768
358210
371013
360932
365596
368125
368988

366148
