26-
22-
6-16-38-
1-7-
 1  1  1  1 
 0  0  0  1 
 0  0  0  0 
 0  0  0  0 
 0  0  0  0 
 0  0  0  0 
 0  0  1  0 
 0  0  0  1 
 0  0  0  0 
 0  0  0  0 
 0  0  0  0 
 0  0  0  0 
 0  0  0  0 
 0  0  0  0 
 0  0  0  0 
 0  0  0  1 
 0  0  1  0 
 0  0  0  0 
 0  0  0  0 
 0  0  0  0 
 0  0  0  0 
 0  0  0  0 
 0  1  0  0 
 0  0  0  0 
 0  0  0  0 
 0  0  0  0 
 1  0  0  0 
 0  0  0  0 
 0  0  1  0 
 0  0  0  0 
 0  0  1  0 
 0  0  0  0 
 0  0  0  0 
 0  0  0  0 
 0  0  0  0 
 0  0  0  0 
 0  0  0  0 
 0  0  0  0 
 0  0  1  0 
 0  0  0  0 
 0  0  0  0 

1-1-3: 1
1-10-3: 1
1-18-3: 1
1-27-3: 1
1-32-3: 1
1-33-3: 1
1-45-3: 1
1-51-3: 1
1-52-3: 1
1-71-3: 1
1-72-3: 1
6-3-2: 1
6-4-2: 1
6-5-2: 1
6-11-2: 1
6-12-2: 1
6-28-2: 1
6-37-2: 1
6-66-2: 1
7-0-3: 1
7-8-3: 1
7-24-3: 1
7-25-3: 1
7-30-3: 1
7-43-3: 1
7-50-3: 1
7-56-3: 1
7-61-3: 1
16-15-2: 1
16-16-2: 1
16-21-2: 1
16-34-2: 1
16-35-2: 1
16-54-2: 1
16-57-2: 1
16-60-2: 1
16-65-2: 1
22-6-1: 1
22-9-1: 1
22-14-1: 1
22-19-1: 1
22-26-1: 1
22-40-1: 1
22-41-1: 1
22-48-1: 1
22-68-1: 1
22-70-1: 1
22-73-1: 1
22-74-1: 1
26-13-0: 1
26-17-0: 1
26-22-0: 1
26-29-0: 1
26-38-0: 1
26-39-0: 1
26-46-0: 1
26-47-0: 1
26-49-0: 1
26-53-0: 1
26-55-0: 1
26-58-0: 1
26-59-0: 1
26-62-0: 1
26-63-0: 1
26-67-0: 1
26-69-0: 1
38-7-2: 1
38-23-2: 1
38-36-2: 1
356011
360028
356928
355893
357060
363266
349964
350212
353550
356839
353493
362304
354765
357328
361580

356615
