7-12-
30-
19-
 1  1  1 
 0  0  0 
 0  0  0 
 0  0  0 
 0  0  0 
 0  0  0 
 0  0  0 
 1  0  0 
 0  0  0 
 0  0  0 
 0  0  0 
 0  0  0 
 1  0  0 
 0  0  0 
 0  0  0 
 0  0  0 
 0  0  0 
 0  0  0 
 0  0  0 
 0  0  1 
 0  0  0 
 0  0  0 
 0  0  0 
 0  0  0 
 0  0  0 
 0  0  0 
 0  0  0 
 0  0  0 
 0  0  0 
 0  0  0 
 0  1  0 

7-11-0: 1
7-13-0: 1
7-14-0: 1
7-23-0: 1
7-25-0: 1
7-32-0: 1
7-38-0: 1
7-41-0: 1
12-6-0: 1
12-7-0: 1
12-24-0: 1
12-26-0: 1
12-29-0: 1
12-40-0: 1
12-51-0: 1
19-0-2: 1
19-1-2: 1
19-4-2: 1
19-10-2: 1
19-12-2: 1
19-18-2: 1
19-19-2: 1
19-20-2: 1
19-27-2: 1
19-31-2: 1
19-33-2: 1
19-34-2: 1
19-36-2: 1
19-37-2: 1
19-39-2: 1
19-42-2: 1
19-46-2: 1
19-47-2: 1
19-50-2: 1
30-2-1: 1
30-3-1: 1
30-5-1: 1
30-8-1: 1
30-9-1: 1
30-16-1: 1
30-17-1: 1
30-21-1: 1
30-28-1: 1
30-30-1: 1
30-35-1: 1
30-43-1: 1
30-44-1: 1
30-45-1: 1
30-48-1: 1
30-49-1: 1
30-52-1: 1
30-53-1: 1
259026
257330
256165
255493
257541
256165
258704
258655
255821
257222
258603
258847
257541
252769
257541

257161
