9-
5-
 1  1 
 0  0 
 0  0 
 0  0 
 0  0 
 0  1 
 0  0 
 0  0 
 0  0 
 1  0 
 0  0 
 0  0 
 0  0 
 0  0 
 0  0 
 0  0 
 0  0 
 0  0 
 0  0 
 0  0 
 0  0 

5-0-1: 1
5-1-1: 1
5-2-1: 1
5-3-1: 1
5-4-1: 1
5-7-1: 1
5-8-1: 1
5-12-1: 1
5-13-1: 1
5-15-1: 1
5-16-1: 1
5-23-1: 1
5-25-1: 1
5-26-1: 1
5-29-1: 1
5-30-1: 1
5-32-1: 1
5-33-1: 1
9-6-0: 1
9-9-0: 1
9-10-0: 1
9-11-0: 1
9-14-0: 1
9-18-0: 1
9-24-0: 1
9-27-0: 1
9-28-0: 1
9-31-0: 1
138374
137650
139109
137532
139109
139109
138266
137650
138374
139109
136916
139109
138266
137532
138266

138291
