14-17-38-6-
4-
31-
27-
 1  1  1  1 
 0  0  0  0 
 0  0  0  0 
 0  0  0  0 
 0  1  0  0 
 1  0  0  0 
 1  0  0  0 
 0  0  0  0 
 0  0  0  0 
 0  0  0  0 
 0  0  0  1 
 0  0  0  0 
 1  0  0  0 
 0  0  0  0 
 1  0  0  0 
 1  0  0  0 
 0  0  0  0 
 1  0  0  0 
 0  0  0  0 
 1  0  0  0 
 0  0  0  0 
 1  0  0  0 
 0  0  0  0 
 0  0  0  0 
 0  0  0  0 
 1  0  0  0 
 0  0  0  0 
 0  0  0  1 
 0  0  0  0 
 0  0  0  0 
 0  0  0  0 
 0  0  1  0 
 0  0  0  0 
 0  0  0  0 
 0  0  0  0 
 0  0  0  0 
 0  0  0  0 
 0  0  0  0 
 1  0  0  0 
 0  0  0  0 
 1  0  0  0 

4-0-1: 1
4-1-1: 1
4-3-1: 1
4-16-1: 1
4-24-1: 1
4-29-1: 1
4-32-1: 1
4-33-1: 1
4-34-1: 1
4-40-1: 1
4-43-1: 1
4-47-1: 1
4-56-1: 1
4-63-1: 1
4-69-1: 1
6-4-0: 1
6-9-0: 1
6-26-0: 1
6-30-0: 1
6-38-0: 1
6-64-0: 1
14-14-0: 1
14-22-0: 1
14-23-0: 1
14-53-0: 1
17-7-0: 1
17-27-0: 1
17-35-0: 1
17-36-0: 1
17-49-0: 1
17-50-0: 1
27-5-3: 1
27-8-3: 1
27-10-3: 1
27-13-3: 1
27-15-3: 1
27-20-3: 1
27-21-3: 1
27-31-3: 1
27-37-3: 1
27-39-3: 1
27-45-3: 1
27-46-3: 1
27-52-3: 1
27-55-3: 1
27-57-3: 1
27-59-3: 1
27-60-3: 1
27-61-3: 1
27-62-3: 1
27-65-3: 1
31-2-2: 1
31-6-2: 1
31-11-2: 1
31-12-2: 1
31-19-2: 1
31-25-2: 1
31-41-2: 1
31-42-2: 1
31-48-2: 1
31-54-2: 1
31-58-2: 1
38-17-0: 1
38-18-0: 1
38-28-0: 1
38-66-0: 1
328942
328942
328551
326634
319743
328551
330410
319743
326585
328122
326260
326260
328455
319563
320224

325799
