13-
9-19-40-
15-20-
23-
 1  1  1  1 
 0  0  0  0 
 0  0  0  0 
 0  0  0  0 
 0  0  0  0 
 0  0  0  0 
 0  0  0  0 
 0  0  0  0 
 0  1  0  0 
 0  1  0  0 
 0  0  0  0 
 0  0  0  0 
 0  0  0  0 
 1  0  0  0 
 0  0  0  0 
 0  0  1  0 
 0  0  0  0 
 0  0  0  0 
 0  0  0  0 
 0  1  0  0 
 0  0  1  0 
 0  0  0  0 
 0  0  0  0 
 0  0  0  1 
 0  0  0  0 
 0  0  0  0 
 0  0  0  0 
 0  0  0  0 
 0  0  0  0 
 0  0  0  0 
 0  0  0  0 
 0  0  0  0 
 0  0  1  0 
 0  0  0  0 
 0  0  0  0 
 0  0  0  0 
 0  0  0  0 
 0  0  0  0 
 0  0  0  0 
 0  0  0  0 
 0  1  0  0 

9-15-1: 1
9-16-1: 1
9-38-1: 1
9-40-1: 1
9-44-1: 1
9-45-1: 1
9-58-1: 1
9-73-1: 1
9-74-1: 1
13-3-0: 1
13-4-0: 1
13-7-0: 1
13-8-0: 1
13-13-0: 1
13-14-0: 1
13-18-0: 1
13-19-0: 1
13-20-0: 1
13-25-0: 1
13-39-0: 1
13-48-0: 1
13-49-0: 1
13-56-0: 1
13-60-0: 1
13-61-0: 1
13-62-0: 1
13-63-0: 1
13-75-0: 1
13-76-0: 1
15-2-2: 1
15-9-2: 1
15-10-2: 1
15-21-2: 1
15-26-2: 1
15-27-2: 1
15-30-2: 1
15-42-2: 1
15-43-2: 1
15-53-2: 1
19-17-1: 1
19-22-1: 1
19-23-1: 1
19-34-1: 1
19-35-1: 1
19-46-1: 1
19-50-1: 1
19-54-1: 1
19-64-1: 1
19-66-1: 1
20-1-2: 1
20-28-2: 1
20-29-2: 1
20-31-2: 1
20-37-2: 1
20-41-2: 1
20-52-2: 1
20-55-2: 1
20-71-2: 1
20-72-2: 1
23-0-3: 1
23-5-3: 1
23-6-3: 1
23-11-3: 1
23-12-3: 1
23-24-3: 1
23-33-3: 1
23-36-3: 1
23-51-3: 1
23-57-3: 1
23-59-3: 1
23-67-3: 1
23-68-3: 1
23-69-3: 1
23-70-3: 1
40-65-1: 1
358695
369661
362514
363627
361253
371640
354821
371824
359780
356756
369549
358466
359401
356480
361357

362388
