19-30-
29-
12-15-
 1  1  1 
 0  0  0 
 0  0  0 
 0  0  0 
 0  0  0 
 0  0  0 
 0  0  0 
 1  0  0 
 1  0  0 
 0  0  0 
 0  0  0 
 0  0  0 
 0  0  1 
 0  0  0 
 0  0  0 
 0  0  1 
 0  0  0 
 1  0  0 
 0  0  0 
 1  0  0 
 0  0  0 
 0  0  0 
 0  0  0 
 0  0  0 
 0  0  0 
 0  0  0 
 0  0  0 
 0  0  0 
 0  0  0 
 0  1  0 
 1  0  0 

12-46-2: 1
15-7-2: 1
15-11-2: 1
15-13-2: 1
15-14-2: 1
15-23-2: 1
15-24-2: 1
15-25-2: 1
15-32-2: 1
15-38-2: 1
15-41-2: 1
15-49-2: 1
19-0-0: 1
19-4-0: 1
19-10-0: 1
19-18-0: 1
19-19-0: 1
19-31-0: 1
19-33-0: 1
19-34-0: 1
19-37-0: 1
19-39-0: 1
19-42-0: 1
19-47-0: 1
29-1-1: 1
29-3-1: 1
29-6-1: 1
29-8-1: 1
29-9-1: 1
29-12-1: 1
29-17-1: 1
29-20-1: 1
29-21-1: 1
29-26-1: 1
29-27-1: 1
29-28-1: 1
29-29-1: 1
29-30-1: 1
29-35-1: 1
29-36-1: 1
29-40-1: 1
29-44-1: 1
29-50-1: 1
29-51-1: 1
30-2-0: 1
30-5-0: 1
30-16-0: 1
30-43-0: 1
30-45-0: 1
30-48-0: 1
30-52-0: 1
30-53-0: 1
256504
261590
256525
260071
256213
261590
260634
260306
259781
260211
261590
258233
259670
260211
260634

259584
