39-
8-35-
17-
6-15-
 1  1  1  1 
 0  0  0  0 
 0  0  0  0 
 0  0  0  0 
 0  0  0  0 
 0  0  0  0 
 0  0  0  1 
 0  0  0  0 
 0  1  0  0 
 0  0  0  0 
 0  0  0  0 
 0  0  0  0 
 0  0  0  0 
 0  0  0  0 
 0  0  0  0 
 0  0  0  1 
 0  0  0  0 
 0  0  1  0 
 0  0  0  0 
 0  0  0  0 
 0  0  0  0 
 0  0  0  0 
 0  0  0  0 
 0  0  0  0 
 0  0  0  0 
 0  0  0  0 
 0  0  0  0 
 0  0  0  0 
 0  0  0  0 
 0  0  0  0 
 0  1  0  0 
 0  0  0  0 
 0  0  0  0 
 0  0  0  0 
 0  0  0  0 
 0  1  0  0 
 0  0  0  0 
 0  0  0  0 
 0  0  0  0 
 1  0  0  0 
 0  0  0  0 

6-6-3: 1
6-9-3: 1
6-26-3: 1
6-43-3: 1
6-44-3: 1
6-54-3: 1
6-60-3: 1
8-10-1: 1
8-11-1: 1
8-13-1: 1
8-19-1: 1
8-23-1: 1
8-32-1: 1
8-35-1: 1
8-39-1: 1
8-40-1: 1
8-41-1: 1
8-42-1: 1
8-45-1: 1
8-47-1: 1
8-48-1: 1
8-57-1: 1
8-58-1: 1
15-5-3: 1
15-8-3: 1
15-14-3: 1
15-15-3: 1
15-16-3: 1
15-21-3: 1
15-22-3: 1
15-25-3: 1
15-33-3: 1
15-36-3: 1
15-37-3: 1
15-38-3: 1
15-56-3: 1
17-3-2: 1
17-7-2: 1
17-17-2: 1
17-18-2: 1
17-27-2: 1
17-49-2: 1
17-51-2: 1
17-52-2: 1
17-62-2: 1
17-63-2: 1
35-1-1: 1
35-34-1: 1
35-46-1: 1
35-50-1: 1
39-0-0: 1
39-2-0: 1
39-4-0: 1
39-12-0: 1
39-20-0: 1
39-24-0: 1
39-28-0: 1
39-29-0: 1
39-30-0: 1
39-31-0: 1
39-53-0: 1
39-55-0: 1
39-59-0: 1
39-61-0: 1
326830
325970
330167
330940
324202
325680
328388
331706
327951
332152
331910
318828
328138
324312
328555

327715
