5-19-
3-20-
 1  1 
 0  0 
 0  0 
 0  1 
 0  0 
 1  0 
 0  0 
 0  0 
 0  0 
 0  0 
 0  0 
 0  0 
 0  0 
 0  0 
 0  0 
 0  0 
 0  0 
 0  0 
 0  0 
 1  0 
 0  1 

3-1-1: 1
3-2-1: 1
3-15-1: 1
3-17-1: 1
3-25-1: 1
3-26-1: 1
5-3-0: 1
5-7-0: 1
5-10-0: 1
5-22-0: 1
5-27-0: 1
5-31-0: 1
19-0-0: 1
19-6-0: 1
19-9-0: 1
19-12-0: 1
19-13-0: 1
19-18-0: 1
19-19-0: 1
19-23-0: 1
19-28-0: 1
19-29-0: 1
20-8-1: 1
20-14-1: 1
20-30-1: 1
130996
130996
130996
129853
129853
129853
130996
130996
130075
130996
129853
129853
130996
130996
127631

130329
