2-
1-10-13-
 1  1 
 0  1 
 1  0 
 0  0 
 0  0 
 0  0 
 0  0 
 0  0 
 0  0 
 0  0 
 0  1 
 0  0 
 0  0 
 0  1 
 0  0 
 0  0 
 0  0 
 0  0 
 0  0 
 0  0 
 0  0 

1-0-1: 1
1-1-1: 1
1-4-1: 1
1-24-1: 1
1-26-1: 1
1-30-1: 1
1-34-1: 1
2-5-0: 1
2-7-0: 1
2-9-0: 1
2-10-0: 1
2-12-0: 1
2-15-0: 1
2-16-0: 1
2-17-0: 1
2-20-0: 1
2-21-0: 1
2-22-0: 1
2-33-0: 1
2-35-0: 1
10-2-1: 1
10-3-1: 1
10-8-1: 1
10-11-1: 1
10-23-1: 1
10-28-1: 1
10-29-1: 1
10-36-1: 1
10-37-1: 1
13-6-1: 1
13-18-1: 1
13-19-1: 1
13-32-1: 1
170844
170805
170470
170470
170470
170805
170805
170805
167537
169015
170470
169969
170805
170844
170805

170328
