28-14-27-
20-
7-
 1  1  1 
 0  0  0 
 0  0  0 
 0  0  0 
 0  0  0 
 0  0  0 
 0  0  0 
 0  0  1 
 0  0  0 
 0  0  0 
 0  0  0 
 0  0  0 
 0  0  0 
 0  0  0 
 1  0  0 
 0  0  0 
 0  0  0 
 0  0  0 
 0  0  0 
 0  0  0 
 0  1  0 
 0  0  0 
 0  0  0 
 0  0  0 
 0  0  0 
 0  0  0 
 0  0  0 
 1  0  0 
 1  0  0 
 0  0  0 
 0  0  0 

7-0-2: 1
7-1-2: 1
7-2-2: 1
7-3-2: 1
7-7-2: 1
7-8-2: 1
7-16-2: 1
7-17-2: 1
7-18-2: 1
7-22-2: 1
7-23-2: 1
7-28-2: 1
7-30-2: 1
7-32-2: 1
7-33-2: 1
7-40-2: 1
7-41-2: 1
7-46-2: 1
7-47-2: 1
14-5-0: 1
14-19-0: 1
20-4-1: 1
20-9-1: 1
20-10-1: 1
20-11-1: 1
20-12-1: 1
20-15-1: 1
20-31-1: 1
20-37-1: 1
20-38-1: 1
27-14-0: 1
27-21-0: 1
27-34-0: 1
27-35-0: 1
27-36-0: 1
27-42-0: 1
27-43-0: 1
28-6-0: 1
28-13-0: 1
28-20-0: 1
28-24-0: 1
28-25-0: 1
28-26-0: 1
28-27-0: 1
28-39-0: 1
28-44-0: 1
28-45-0: 1
28-49-0: 1
247340
243323
247831
246381
242785
247919
246816
246904
241354
247482
247919
235515
248893
240078
247919

245231
