20-
3-7-9-11-
 1  1 
 0  0 
 0  0 
 0  1 
 0  0 
 0  0 
 0  0 
 0  1 
 0  1 
 0  1 
 0  0 
 0  1 
 0  0 
 0  0 
 0  0 
 0  0 
 0  0 
 0  0 
 0  0 
 0  0 
 1  0 

3-0-1: 1
3-21-1: 1
7-10-1: 1
7-11-1: 1
7-12-1: 1
7-14-1: 1
7-25-1: 1
7-26-1: 1
7-30-1: 1
7-32-1: 1
9-2-1: 1
9-3-1: 1
9-6-1: 1
9-15-1: 1
9-19-1: 1
11-7-1: 1
11-17-1: 1
11-18-1: 1
11-24-1: 1
11-33-1: 1
20-4-0: 1
20-5-0: 1
20-8-0: 1
20-9-0: 1
20-13-0: 1
20-16-0: 1
20-20-0: 1
20-22-0: 1
20-23-0: 1
20-27-0: 1
20-28-0: 1
20-29-0: 1
20-31-0: 1
20-34-0: 1
159765
162988
159765
158528
161792
162988
159765
161792
160434
161792
162988
159765
159349
160962
162988

161044
