3-20-19-5-
9-
 1  1 
 0  0 
 0  0 
 1  0 
 0  0 
 1  0 
 0  0 
 0  0 
 0  0 
 0  1 
 0  0 
 0  0 
 0  0 
 0  0 
 0  0 
 0  0 
 0  0 
 0  0 
 0  0 
 1  0 
 1  0 

3-15-0: 1
3-17-0: 1
3-25-0: 1
5-3-0: 1
5-7-0: 1
5-10-0: 1
5-22-0: 1
9-1-1: 1
9-2-1: 1
9-26-1: 1
9-27-1: 1
9-31-1: 1
19-0-0: 1
19-6-0: 1
19-9-0: 1
19-12-0: 1
19-13-0: 1
19-18-0: 1
19-19-0: 1
19-23-0: 1
19-28-0: 1
19-29-0: 1
20-8-0: 1
20-14-0: 1
20-30-0: 1
130996
130996
130996
130996
130996
130856
133055
130996
133055
130996
130996
130996
130996
130996
133055

131399
