5-
28-
4-9-10-17-
 1  1  1 
 0  0  0 
 0  0  0 
 0  0  0 
 0  0  1 
 1  0  0 
 0  0  1 
 0  0  0 
 0  0  1 
 0  0  1 
 0  0  1 
 0  0  0 
 0  0  0 
 0  0  0 
 0  0  0 
 0  0  1 
 0  0  0 
 0  0  1 
 0  0  0 
 0  0  0 
 0  0  0 
 0  0  0 
 0  0  1 
 0  0  1 
 0  0  0 
 0  0  0 
 0  0  0 
 0  0  0 
 0  1  0 
 0  0  0 
 0  0  1 

4-54-2: 1
4-55-2: 1
5-1-0: 1
5-8-0: 1
5-11-0: 1
5-12-0: 1
5-17-0: 1
5-18-0: 1
5-19-0: 1
5-20-0: 1
5-23-0: 1
5-27-0: 1
5-34-0: 1
5-35-0: 1
5-36-0: 1
5-51-0: 1
5-52-0: 1
5-57-0: 1
9-2-2: 1
9-15-2: 1
9-24-2: 1
9-29-2: 1
9-40-2: 1
10-28-2: 1
10-37-2: 1
17-4-2: 1
17-5-2: 1
17-26-2: 1
17-30-2: 1
17-31-2: 1
17-38-2: 1
17-39-2: 1
17-45-2: 1
17-46-2: 1
17-47-2: 1
17-49-2: 1
28-0-1: 1
28-6-1: 1
28-7-1: 1
28-9-1: 1
28-10-1: 1
28-13-1: 1
28-14-1: 1
28-16-1: 1
28-21-1: 1
28-22-1: 1
28-25-1: 1
28-32-1: 1
28-33-1: 1
28-41-1: 1
28-42-1: 1
28-43-1: 1
28-44-1: 1
28-50-1: 1
28-53-1: 1
28-56-1: 1
284521
284307
289522
285268
282848
281205
289184
288644
286996
282737
286585
286996
288398
284013
285183

285761
