3-17-
20-27-
18-
 1  1  1 
 0  0  0 
 0  0  0 
 1  0  0 
 0  0  0 
 0  0  0 
 0  0  0 
 0  0  0 
 0  0  0 
 0  0  0 
 0  0  0 
 0  0  0 
 1  0  0 
 0  0  0 
 0  0  0 
 0  0  0 
 0  0  0 
 1  0  0 
 0  0  1 
 0  0  0 
 0  1  0 
 0  0  0 
 0  0  0 
 0  0  0 
 0  1  0 
 0  0  0 
 0  0  0 
 0  1  0 
 0  0  0 
 0  0  0 
 0  0  0 

3-5-0: 1
3-24-0: 1
3-25-0: 1
3-26-0: 1
3-30-0: 1
3-34-0: 1
3-41-0: 1
3-45-0: 1
3-46-0: 1
3-47-0: 1
3-50-0: 1
17-4-0: 1
17-10-0: 1
17-11-0: 1
17-13-0: 1
17-23-0: 1
17-27-0: 1
17-28-0: 1
17-31-0: 1
17-52-0: 1
18-3-2: 1
18-6-2: 1
18-7-2: 1
18-12-2: 1
18-15-2: 1
18-18-2: 1
18-20-2: 1
18-21-2: 1
18-29-2: 1
18-33-2: 1
18-44-2: 1
20-2-1: 1
20-8-1: 1
20-9-1: 1
20-14-1: 1
20-32-1: 1
20-35-1: 1
20-36-1: 1
20-39-1: 1
20-42-1: 1
20-51-1: 1
27-0-1: 1
27-1-1: 1
27-16-1: 1
27-19-1: 1
27-22-1: 1
27-37-1: 1
27-38-1: 1
27-43-1: 1
27-48-1: 1
27-49-1: 1
254307
256769
256258
258127
258127
256150
251195
257717
256258
258650
255278
254450
255978
256150
258127

256236
