31-
6-
27-
14-17-38-
 1  1  1  1 
 0  0  0  0 
 0  0  0  0 
 0  0  0  0 
 0  0  0  0 
 0  0  0  0 
 0  1  0  0 
 0  0  0  0 
 0  0  0  0 
 0  0  0  0 
 0  0  0  0 
 0  0  0  0 
 0  0  0  0 
 0  0  0  0 
 0  0  0  1 
 0  0  0  1 
 0  0  0  0 
 0  0  0  1 
 0  0  0  0 
 0  0  0  0 
 0  0  0  0 
 0  0  0  0 
 0  0  0  0 
 0  0  0  0 
 0  0  0  0 
 0  0  0  0 
 0  0  0  0 
 0  0  1  0 
 0  0  0  0 
 0  0  0  0 
 0  0  0  0 
 1  0  0  0 
 0  0  0  0 
 0  0  0  0 
 0  0  0  0 
 0  0  0  0 
 0  0  0  0 
 0  0  0  0 
 0  0  0  1 
 0  0  0  0 
 0  1  0  0 

6-1-1: 1
6-3-1: 1
6-4-1: 1
6-8-1: 1
6-9-1: 1
6-13-1: 1
6-16-1: 1
6-26-1: 1
6-29-1: 1
6-30-1: 1
6-33-1: 1
6-37-1: 1
6-38-1: 1
6-39-1: 1
6-40-1: 1
6-43-1: 1
6-57-1: 1
6-64-1: 1
6-65-1: 1
6-69-1: 1
14-2-3: 1
14-6-3: 1
14-14-3: 1
14-22-3: 1
14-23-3: 1
14-48-3: 1
14-53-3: 1
17-7-3: 1
17-27-3: 1
17-35-3: 1
17-36-3: 1
17-49-3: 1
17-50-3: 1
27-5-2: 1
27-10-2: 1
27-15-2: 1
27-19-2: 1
27-20-2: 1
27-21-2: 1
27-31-2: 1
27-45-2: 1
27-46-2: 1
27-52-2: 1
27-55-2: 1
27-56-2: 1
27-59-2: 1
27-60-2: 1
27-61-2: 1
27-62-2: 1
31-0-0: 1
31-12-0: 1
31-24-0: 1
31-34-0: 1
31-41-0: 1
31-42-0: 1
31-47-0: 1
31-54-0: 1
31-58-0: 1
31-63-0: 1
38-11-3: 1
38-17-3: 1
38-18-3: 1
38-25-3: 1
38-28-3: 1
38-32-3: 1
38-66-3: 1
317638
319743
322740
316673
319100
326635
312477
319563
325862
319743
319201
319743
318377
317638
325771

320060
