26-
1-7-
28-
6-16-38-
 1  1  1  1 
 0  1  0  0 
 0  0  0  0 
 0  0  0  0 
 0  0  0  0 
 0  0  0  0 
 0  0  0  1 
 0  1  0  0 
 0  0  0  0 
 0  0  0  0 
 0  0  0  0 
 0  0  0  0 
 0  0  0  0 
 0  0  0  0 
 0  0  0  0 
 0  0  0  1 
 0  0  0  1 
 0  0  0  0 
 0  0  0  0 
 0  0  0  0 
 0  0  0  0 
 0  0  0  0 
 0  0  0  1 
 0  0  0  0 
 0  0  0  0 
 0  0  0  1 
 1  0  0  0 
 0  0  0  0 
 0  0  1  0 
 0  0  0  1 
 0  0  0  0 
 0  0  0  0 
 0  0  0  1 
 0  0  0  0 
 0  0  0  0 
 0  0  0  0 
 0  0  0  0 
 0  0  0  0 
 0  0  0  1 
 0  0  0  0 
 0  0  0  1 

1-1-1: 1
1-10-1: 1
1-18-1: 1
1-27-1: 1
1-32-1: 1
1-33-1: 1
1-45-1: 1
1-51-1: 1
1-52-1: 1
1-71-1: 1
1-72-1: 1
6-3-3: 1
6-4-3: 1
6-5-3: 1
6-11-3: 1
6-12-3: 1
6-28-3: 1
6-37-3: 1
6-66-3: 1
7-0-1: 1
7-8-1: 1
7-24-1: 1
7-25-1: 1
7-30-1: 1
7-43-1: 1
7-50-1: 1
7-56-1: 1
7-61-1: 1
16-15-3: 1
16-16-3: 1
16-21-3: 1
16-34-3: 1
16-35-3: 1
16-54-3: 1
16-57-3: 1
16-60-3: 1
16-65-3: 1
26-13-0: 1
26-22-0: 1
26-29-0: 1
26-47-0: 1
26-55-0: 1
26-58-0: 1
26-59-0: 1
26-62-0: 1
26-67-0: 1
26-73-0: 1
26-74-0: 1
28-6-2: 1
28-9-2: 1
28-14-2: 1
28-17-2: 1
28-19-2: 1
28-26-2: 1
28-38-2: 1
28-39-2: 1
28-40-2: 1
28-41-2: 1
28-46-2: 1
28-48-2: 1
28-49-2: 1
28-53-2: 1
28-63-2: 1
28-68-2: 1
28-69-2: 1
28-70-2: 1
38-7-3: 1
38-23-3: 1
38-36-3: 1
359504
362835
363088
357328
363128
361169
362835
356889
363266
362263
363325
362835
352045
361580
359805

360793
