11-22-
30-
12-
 1  1  1 
 1  0  0 
 0  0  0 
 0  0  0 
 0  0  0 
 0  0  0 
 0  0  0 
 0  0  0 
 0  0  0 
 0  0  0 
 0  0  0 
 1  0  0 
 0  0  1 
 0  0  0 
 0  0  0 
 0  0  0 
 0  0  0 
 0  0  0 
 0  0  0 
 0  0  0 
 0  0  0 
 1  0  0 
 1  0  0 
 0  0  0 
 0  0  0 
 0  0  0 
 0  0  0 
 0  0  0 
 0  0  0 
 0  0  0 
 0  1  0 

11-6-0: 1
11-7-0: 1
11-8-0: 1
11-9-0: 1
11-10-0: 1
11-18-0: 1
11-19-0: 1
11-25-0: 1
11-26-0: 1
11-27-0: 1
11-31-0: 1
11-33-0: 1
11-36-0: 1
11-39-0: 1
11-41-0: 1
11-42-0: 1
11-48-0: 1
11-49-0: 1
12-0-2: 1
12-2-2: 1
12-3-2: 1
12-11-2: 1
12-13-2: 1
12-21-2: 1
12-23-2: 1
12-29-2: 1
12-30-2: 1
12-32-2: 1
12-35-2: 1
12-37-2: 1
12-40-2: 1
12-44-2: 1
12-45-2: 1
12-51-2: 1
12-54-2: 1
22-1-0: 1
22-22-0: 1
30-4-1: 1
30-5-1: 1
30-12-1: 1
30-14-1: 1
30-15-1: 1
30-20-1: 1
30-24-1: 1
30-34-1: 1
30-38-1: 1
30-43-1: 1
30-46-1: 1
30-47-1: 1
30-50-1: 1
30-52-1: 1
30-53-1: 1
266101
265586
267228
270104
267375
268143
258591
269255
267033
265880
265712
265202
264796
269085
267288

266492
