19-30-
12-7-
29-
 1  1  1 
 0  0  0 
 0  0  0 
 0  0  0 
 0  0  0 
 0  0  0 
 0  0  0 
 0  1  0 
 0  0  0 
 0  0  0 
 0  0  0 
 0  0  0 
 0  1  0 
 0  0  0 
 0  0  0 
 0  0  0 
 0  0  0 
 0  0  0 
 0  0  0 
 1  0  0 
 0  0  0 
 0  0  0 
 0  0  0 
 0  0  0 
 0  0  0 
 0  0  0 
 0  0  0 
 0  0  0 
 0  0  0 
 0  0  1 
 1  0  0 

7-11-1: 1
7-13-1: 1
7-14-1: 1
7-23-1: 1
7-25-1: 1
7-32-1: 1
7-38-1: 1
7-41-1: 1
7-49-1: 1
12-7-1: 1
12-24-1: 1
12-46-1: 1
19-0-0: 1
19-4-0: 1
19-10-0: 1
19-18-0: 1
19-19-0: 1
19-31-0: 1
19-33-0: 1
19-34-0: 1
19-37-0: 1
19-39-0: 1
19-42-0: 1
19-47-0: 1
29-1-2: 1
29-3-2: 1
29-6-2: 1
29-8-2: 1
29-9-2: 1
29-12-2: 1
29-17-2: 1
29-20-2: 1
29-21-2: 1
29-26-2: 1
29-27-2: 1
29-28-2: 1
29-29-2: 1
29-30-2: 1
29-35-2: 1
29-36-2: 1
29-40-2: 1
29-44-2: 1
29-50-2: 1
29-51-2: 1
30-2-0: 1
30-5-0: 1
30-16-0: 1
30-43-0: 1
30-45-0: 1
30-48-0: 1
30-52-0: 1
30-53-0: 1
256504
255366
258168
261519
259781
259714
260522
259980
259925
260350
260299
260797
261049
262012
262012

259867
