22-
1-
4-9-35-
19-
 1  1  1  1 
 0  1  0  0 
 0  0  0  0 
 0  0  0  0 
 0  0  1  0 
 0  0  0  0 
 0  0  0  0 
 0  0  0  0 
 0  0  0  0 
 0  0  1  0 
 0  0  0  0 
 0  0  0  0 
 0  0  0  0 
 0  0  0  0 
 0  0  0  0 
 0  0  0  0 
 0  0  0  0 
 0  0  0  0 
 0  0  0  0 
 0  0  0  1 
 0  0  0  0 
 0  0  0  0 
 1  0  0  0 
 0  0  0  0 
 0  0  0  0 
 0  0  0  0 
 0  0  0  0 
 0  0  0  0 
 0  0  0  0 
 0  0  0  0 
 0  0  0  0 
 0  0  0  0 
 0  0  0  0 
 0  0  0  0 
 0  0  0  0 
 0  0  1  0 
 0  0  0  0 
 0  0  0  0 
 0  0  0  0 
 0  0  0  0 
 0  0  0  0 

1-0-1: 1
1-4-1: 1
1-6-1: 1
1-11-1: 1
1-14-1: 1
1-18-1: 1
1-26-1: 1
1-27-1: 1
1-38-1: 1
1-41-1: 1
1-42-1: 1
1-59-1: 1
1-60-1: 1
1-64-1: 1
1-66-1: 1
1-69-1: 1
1-71-1: 1
9-10-2: 1
9-13-2: 1
9-17-2: 1
9-44-2: 1
9-61-2: 1
19-1-3: 1
19-20-3: 1
19-22-3: 1
19-25-3: 1
19-30-3: 1
19-33-3: 1
19-34-3: 1
19-47-3: 1
19-48-3: 1
19-53-3: 1
19-54-3: 1
19-55-3: 1
19-57-3: 1
19-70-3: 1
22-7-0: 1
22-8-0: 1
22-15-0: 1
22-16-0: 1
22-19-0: 1
22-37-0: 1
22-39-0: 1
22-40-0: 1
22-43-0: 1
22-49-0: 1
22-50-0: 1
22-51-0: 1
22-56-0: 1
22-58-0: 1
22-62-0: 1
22-65-0: 1
22-67-0: 1
22-68-0: 1
22-72-0: 1
22-73-0: 1
35-2-2: 1
35-3-2: 1
35-5-2: 1
35-9-2: 1
35-12-2: 1
35-21-2: 1
35-23-2: 1
35-24-2: 1
35-29-2: 1
35-32-2: 1
35-35-2: 1
35-36-2: 1
35-46-2: 1
35-52-2: 1
35-63-2: 1
392945
386472
388859
387159
383662
393742
388448
395575
395635
395535
395635
386305
378022
392364
392931

390219
