24-
11-22-
30-
 1  1  1 
 0  0  0 
 0  0  0 
 0  0  0 
 0  0  0 
 0  0  0 
 0  0  0 
 0  0  0 
 0  0  0 
 0  0  0 
 0  0  0 
 0  1  0 
 0  0  0 
 0  0  0 
 0  0  0 
 0  0  0 
 0  0  0 
 0  0  0 
 0  0  0 
 0  0  0 
 0  0  0 
 0  0  0 
 0  1  0 
 0  0  0 
 1  0  0 
 0  0  0 
 0  0  0 
 0  0  0 
 0  0  0 
 0  0  0 
 0  0  1 

11-6-1: 1
11-7-1: 1
11-8-1: 1
11-9-1: 1
11-10-1: 1
11-18-1: 1
11-19-1: 1
11-25-1: 1
11-26-1: 1
11-33-1: 1
11-36-1: 1
11-39-1: 1
11-41-1: 1
11-42-1: 1
11-48-1: 1
11-49-1: 1
22-1-1: 1
22-2-1: 1
22-22-1: 1
22-35-1: 1
24-0-0: 1
24-3-0: 1
24-13-0: 1
24-23-0: 1
24-27-0: 1
24-30-0: 1
24-31-0: 1
24-32-0: 1
24-34-0: 1
24-37-0: 1
24-40-0: 1
24-45-0: 1
24-50-0: 1
30-4-2: 1
30-5-2: 1
30-11-2: 1
30-12-2: 1
30-14-2: 1
30-15-2: 1
30-20-2: 1
30-21-2: 1
30-24-2: 1
30-29-2: 1
30-38-2: 1
30-43-2: 1
30-44-2: 1
30-46-2: 1
30-47-2: 1
30-51-2: 1
30-52-2: 1
30-53-2: 1
30-54-2: 1
266702
268466
268310
270104
270274
266733
270104
267686
265850
267330
270104
270274
263589
268984
267040

268103
