25-
6-27-
14-17-38-
4-
 1  1  1  1 
 0  0  0  0 
 0  0  0  0 
 0  0  0  0 
 0  0  0  1 
 0  0  0  0 
 0  1  0  0 
 0  0  0  0 
 0  0  0  0 
 0  0  0  0 
 0  0  0  0 
 0  0  0  0 
 0  0  0  0 
 0  0  0  0 
 0  0  1  0 
 0  0  0  0 
 0  0  0  0 
 0  0  1  0 
 0  0  0  0 
 0  0  0  0 
 0  0  0  0 
 0  0  0  0 
 0  0  0  0 
 0  0  0  0 
 0  0  0  0 
 1  0  0  0 
 0  0  0  0 
 0  1  0  0 
 0  0  0  0 
 0  0  0  0 
 0  0  0  0 
 0  0  0  0 
 0  0  0  0 
 0  0  0  0 
 0  0  0  0 
 0  0  0  0 
 0  0  0  0 
 0  0  0  0 
 0  0  1  0 
 0  0  0  0 
 0  0  0  0 

4-5-3: 1
4-10-3: 1
4-15-3: 1
4-20-3: 1
4-31-3: 1
4-45-3: 1
4-46-3: 1
4-52-3: 1
4-55-3: 1
4-56-3: 1
4-59-3: 1
4-60-3: 1
4-62-3: 1
6-1-1: 1
6-3-1: 1
6-4-1: 1
6-8-1: 1
6-9-1: 1
6-13-1: 1
6-26-1: 1
6-29-1: 1
6-30-1: 1
6-37-1: 1
6-38-1: 1
6-39-1: 1
6-40-1: 1
6-43-1: 1
6-57-1: 1
6-64-1: 1
6-65-1: 1
6-69-1: 1
14-2-2: 1
14-6-2: 1
14-14-2: 1
14-19-2: 1
14-22-2: 1
14-23-2: 1
14-48-2: 1
14-53-2: 1
17-7-2: 1
17-27-2: 1
17-35-2: 1
17-36-2: 1
17-49-2: 1
17-50-2: 1
25-0-0: 1
25-12-0: 1
25-16-0: 1
25-24-0: 1
25-32-0: 1
25-33-0: 1
25-34-0: 1
25-41-0: 1
25-42-0: 1
25-47-0: 1
25-54-0: 1
25-58-0: 1
25-63-0: 1
27-21-1: 1
27-61-1: 1
38-11-2: 1
38-17-2: 1
38-18-2: 1
38-25-2: 1
38-28-2: 1
38-66-2: 1
315922
319641
315842
318108
309709
316859
317638
317261
319590
325055
326677
313938
315728
319641
317261

317925
