11-16-23-
1-22-
26-
25-
 1  1  1  1 
 0  1  0  0 
 0  0  0  0 
 0  0  0  0 
 0  0  0  0 
 0  0  0  0 
 0  0  0  0 
 0  0  0  0 
 0  0  0  0 
 0  0  0  0 
 0  0  0  0 
 1  0  0  0 
 0  0  0  0 
 0  0  0  0 
 0  0  0  0 
 0  0  0  0 
 1  0  0  0 
 0  0  0  0 
 0  0  0  0 
 0  0  0  0 
 0  0  0  0 
 0  0  0  0 
 0  1  0  0 
 1  0  0  0 
 0  0  0  0 
 0  0  0  1 
 0  0  1  0 
 0  0  0  0 
 0  0  0  0 
 0  0  0  0 
 0  0  0  0 
 0  0  0  0 
 0  0  0  0 
 0  0  0  0 
 0  0  0  0 
 0  0  0  0 
 0  0  0  0 
 0  0  0  0 
 0  0  0  0 
 0  0  0  0 
 0  0  0  0 

1-0-1: 1
1-1-1: 1
1-8-1: 1
1-9-1: 1
1-10-1: 1
1-18-1: 1
1-24-1: 1
1-27-1: 1
1-32-1: 1
1-33-1: 1
1-45-1: 1
1-50-1: 1
1-51-1: 1
1-52-1: 1
1-56-1: 1
1-61-1: 1
1-71-1: 1
1-72-1: 1
1-73-1: 1
1-74-1: 1
11-16-0: 1
11-20-0: 1
11-36-0: 1
11-54-0: 1
16-15-0: 1
16-21-0: 1
16-34-0: 1
16-35-0: 1
16-57-0: 1
16-60-0: 1
16-65-0: 1
23-3-0: 1
23-11-0: 1
23-12-0: 1
23-13-0: 1
23-25-0: 1
23-30-0: 1
23-31-0: 1
23-42-0: 1
23-43-0: 1
25-4-3: 1
25-6-3: 1
25-7-3: 1
25-14-3: 1
25-17-3: 1
25-22-3: 1
25-23-3: 1
25-26-3: 1
25-38-3: 1
25-39-3: 1
25-46-3: 1
25-47-3: 1
25-49-3: 1
25-53-3: 1
25-55-3: 1
25-59-3: 1
25-63-3: 1
25-67-3: 1
25-68-3: 1
25-69-3: 1
26-5-2: 1
26-19-2: 1
26-28-2: 1
26-29-2: 1
26-37-2: 1
26-40-2: 1
26-41-2: 1
26-48-2: 1
26-58-2: 1
26-62-2: 1
26-66-2: 1
26-70-2: 1
362114
362280
356851
350751
362245
362439
358874
362454
355933
362712
358649
362151
358070
360820
361204

359836
