10-38-21-17-14-
25-
6-30-33-
31-
 1  1  1  1 
 0  0  0  0 
 0  0  0  0 
 0  0  0  0 
 0  0  0  0 
 0  0  0  0 
 0  0  1  0 
 0  0  0  0 
 0  0  0  0 
 0  0  0  0 
 1  0  0  0 
 0  0  0  0 
 0  0  0  0 
 0  0  0  0 
 1  0  0  0 
 0  0  0  0 
 0  0  0  0 
 1  0  0  0 
 0  0  0  0 
 0  0  0  0 
 0  0  0  0 
 1  0  0  0 
 0  0  0  0 
 0  0  0  0 
 0  0  0  0 
 0  1  0  0 
 0  0  0  0 
 0  0  0  0 
 0  0  0  0 
 0  0  0  0 
 0  0  1  0 
 0  0  0  1 
 0  0  0  0 
 0  0  1  0 
 0  0  0  0 
 0  0  0  0 
 0  0  0  0 
 0  0  0  0 
 1  0  0  0 
 0  0  0  0 
 0  0  0  0 

6-4-2: 1
6-8-2: 1
6-9-2: 1
6-13-2: 1
6-26-2: 1
6-29-2: 1
6-30-2: 1
6-38-2: 1
6-40-2: 1
6-64-2: 1
14-2-0: 1
14-6-0: 1
14-14-0: 1
14-19-0: 1
14-22-0: 1
14-23-0: 1
14-48-0: 1
14-53-0: 1
17-7-0: 1
17-27-0: 1
17-35-0: 1
17-36-0: 1
17-49-0: 1
17-50-0: 1
21-25-0: 1
25-0-1: 1
25-1-1: 1
25-3-1: 1
25-12-1: 1
25-16-1: 1
25-24-1: 1
25-32-1: 1
25-33-1: 1
25-34-1: 1
25-41-1: 1
25-42-1: 1
25-43-1: 1
25-47-1: 1
25-54-1: 1
25-58-1: 1
25-63-1: 1
25-69-1: 1
30-5-2: 1
30-21-2: 1
30-39-2: 1
30-51-2: 1
30-52-2: 1
30-61-2: 1
30-65-2: 1
30-67-2: 1
30-68-2: 1
31-10-3: 1
31-15-3: 1
31-20-3: 1
31-31-3: 1
31-37-3: 1
31-45-3: 1
31-46-3: 1
31-55-3: 1
31-56-3: 1
31-57-3: 1
31-59-3: 1
31-60-3: 1
33-62-2: 1
38-11-0: 1
38-17-0: 1
38-18-0: 1
38-28-0: 1
38-66-0: 1
318830
322989
327623
321993
318276
319949
327214
319565
319210
323539
326879
326466
321790
326903
319062

322686
