1-19-
22-
23-
4-9-28-
 1  1  1  1 
 1  0  0  0 
 0  0  0  0 
 0  0  0  0 
 0  0  0  1 
 0  0  0  0 
 0  0  0  0 
 0  0  0  0 
 0  0  0  0 
 0  0  0  1 
 0  0  0  0 
 0  0  0  0 
 0  0  0  0 
 0  0  0  0 
 0  0  0  0 
 0  0  0  0 
 0  0  0  0 
 0  0  0  0 
 0  0  0  0 
 1  0  0  0 
 0  0  0  0 
 0  0  0  0 
 0  1  0  0 
 0  0  1  0 
 0  0  0  0 
 0  0  0  0 
 0  0  0  0 
 0  0  0  0 
 0  0  0  1 
 0  0  0  0 
 0  0  0  0 
 0  0  0  0 
 0  0  0  0 
 0  0  0  0 
 0  0  0  0 
 0  0  0  0 
 0  0  0  0 
 0  0  0  0 
 0  0  0  0 
 0  0  0  0 
 0  0  0  0 

1-6-0: 1
1-14-0: 1
1-18-0: 1
1-26-0: 1
1-27-0: 1
1-38-0: 1
1-60-0: 1
1-71-0: 1
9-3-3: 1
9-5-3: 1
9-9-3: 1
9-10-3: 1
9-13-3: 1
9-17-3: 1
9-21-3: 1
9-23-3: 1
9-29-3: 1
9-44-3: 1
9-56-3: 1
9-61-3: 1
9-63-3: 1
19-1-0: 1
19-22-0: 1
19-25-0: 1
19-30-0: 1
19-33-0: 1
19-35-0: 1
19-46-0: 1
19-53-0: 1
19-54-0: 1
19-55-0: 1
19-57-0: 1
19-70-0: 1
22-4-1: 1
22-7-1: 1
22-8-1: 1
22-11-1: 1
22-15-1: 1
22-16-1: 1
22-19-1: 1
22-37-1: 1
22-39-1: 1
22-40-1: 1
22-49-1: 1
22-50-1: 1
22-58-1: 1
22-62-1: 1
22-65-1: 1
22-67-1: 1
22-68-1: 1
22-69-1: 1
22-72-1: 1
22-73-1: 1
23-0-2: 1
23-20-2: 1
23-41-2: 1
23-42-2: 1
23-43-2: 1
23-47-2: 1
23-48-2: 1
23-51-2: 1
23-59-2: 1
23-64-2: 1
23-66-2: 1
28-2-3: 1
28-12-3: 1
28-24-3: 1
28-32-3: 1
28-34-3: 1
28-36-3: 1
28-52-3: 1
396729
393491
394953
389753
396205
390822
397299
392034
397326
391451
393371
391020
386346
394321
395934

393404
