2-8-4-
16-
 1  1 
 0  0 
 1  0 
 0  0 
 1  0 
 0  0 
 0  0 
 0  0 
 1  0 
 0  0 
 0  0 
 0  0 
 0  0 
 0  0 
 0  0 
 0  0 
 0  1 
 0  0 
 0  0 
 0  0 
 0  0 

2-3-0: 1
2-8-0: 1
2-18-0: 1
2-29-0: 1
2-31-0: 1
4-1-0: 1
4-5-0: 1
4-6-0: 1
4-19-0: 1
4-26-0: 1
8-2-0: 1
8-7-0: 1
8-13-0: 1
8-20-0: 1
8-21-0: 1
8-22-0: 1
8-23-0: 1
8-24-0: 1
8-35-0: 1
8-36-0: 1
16-4-1: 1
16-9-1: 1
16-10-1: 1
16-11-1: 1
16-12-1: 1
16-14-1: 1
16-15-1: 1
16-16-1: 1
16-17-1: 1
16-25-1: 1
16-27-1: 1
16-28-1: 1
16-30-1: 1
16-32-1: 1
16-33-1: 1
16-34-1: 1
16-37-1: 1
16-38-1: 1
198151
195803
198224
197128
195967
196797
195803
197582
198151
197128
198867
195803
197130
198151
193849

196969
