36-
9-19-40-
15-20-
30-
 1  1  1  1 
 0  0  0  0 
 0  0  0  0 
 0  0  0  0 
 0  0  0  0 
 0  0  0  0 
 0  0  0  0 
 0  0  0  0 
 0  0  0  0 
 0  1  0  0 
 0  0  0  0 
 0  0  0  0 
 0  0  0  0 
 0  0  0  0 
 0  0  0  0 
 0  0  1  0 
 0  0  0  0 
 0  0  0  0 
 0  0  0  0 
 0  1  0  0 
 0  0  1  0 
 0  0  0  0 
 0  0  0  0 
 0  0  0  0 
 0  0  0  0 
 0  0  0  0 
 0  0  0  0 
 0  0  0  0 
 0  0  0  0 
 0  0  0  0 
 0  0  0  1 
 0  0  0  0 
 0  0  0  0 
 0  0  0  0 
 0  0  0  0 
 0  0  0  0 
 1  0  0  0 
 0  0  0  0 
 0  0  0  0 
 0  0  0  0 
 0  1  0  0 

9-15-1: 1
9-16-1: 1
9-38-1: 1
9-40-1: 1
9-44-1: 1
9-45-1: 1
9-58-1: 1
9-73-1: 1
9-74-1: 1
15-2-2: 1
15-9-2: 1
15-10-2: 1
15-21-2: 1
15-26-2: 1
15-27-2: 1
15-30-2: 1
15-42-2: 1
15-43-2: 1
15-49-2: 1
15-53-2: 1
19-17-1: 1
19-34-1: 1
19-46-1: 1
19-54-1: 1
19-64-1: 1
19-66-1: 1
20-1-2: 1
20-28-2: 1
20-29-2: 1
20-31-2: 1
20-37-2: 1
20-52-2: 1
20-55-2: 1
20-71-2: 1
20-72-2: 1
30-0-3: 1
30-5-3: 1
30-6-3: 1
30-7-3: 1
30-11-3: 1
30-12-3: 1
30-13-3: 1
30-14-3: 1
30-24-3: 1
30-25-3: 1
30-33-3: 1
30-36-3: 1
30-41-3: 1
30-51-3: 1
30-56-3: 1
30-59-3: 1
30-67-3: 1
30-68-3: 1
30-69-3: 1
30-70-3: 1
36-3-0: 1
36-18-0: 1
36-19-0: 1
36-20-0: 1
36-22-0: 1
36-23-0: 1
36-35-0: 1
36-50-0: 1
36-57-0: 1
36-60-0: 1
36-61-0: 1
36-62-0: 1
36-63-0: 1
36-75-0: 1
36-76-0: 1
40-4-1: 1
40-8-1: 1
40-39-1: 1
40-48-1: 1
40-65-1: 1
358598
359971
361689
349673
361173
362555
361093
363410
352319
360411
354175
357869
363096
360926
352371

358622
