18-
13-
 1  1 
 0  0 
 0  0 
 0  0 
 0  0 
 0  0 
 0  0 
 0  0 
 0  0 
 0  0 
 0  0 
 0  0 
 0  0 
 0  1 
 0  0 
 0  0 
 0  0 
 0  0 
 1  0 
 0  0 
 0  0 

13-1-1: 1
13-2-1: 1
13-3-1: 1
13-6-1: 1
13-8-1: 1
13-9-1: 1
13-10-1: 1
13-12-1: 1
13-17-1: 1
13-18-1: 1
13-19-1: 1
13-22-1: 1
13-23-1: 1
13-29-1: 1
13-30-1: 1
13-32-1: 1
13-36-1: 1
13-37-1: 1
18-0-0: 1
18-4-0: 1
18-5-0: 1
18-7-0: 1
18-15-0: 1
18-16-0: 1
18-20-0: 1
18-21-0: 1
18-24-0: 1
18-25-0: 1
18-26-0: 1
18-33-0: 1
18-34-0: 1
18-35-0: 1
168692
170805
170024
170470
170470
170024
170805
170805
170805
170315
170024
170470
170805
170470
170459

170363
