4-9-
10-17-
5-
 1  1  1 
 0  0  0 
 0  0  0 
 0  0  0 
 1  0  0 
 0  0  1 
 0  0  0 
 0  0  0 
 0  0  0 
 1  0  0 
 0  1  0 
 0  0  0 
 0  0  0 
 0  0  0 
 0  0  0 
 0  0  0 
 0  0  0 
 0  1  0 
 0  0  0 
 0  0  0 
 0  0  0 
 0  0  0 
 0  0  0 
 0  0  0 
 0  0  0 
 0  0  0 
 0  0  0 
 0  0  0 
 0  0  0 
 0  0  0 
 0  0  0 

4-6-0: 1
4-7-0: 1
4-10-0: 1
4-25-0: 1
4-32-0: 1
4-33-0: 1
4-42-0: 1
4-54-0: 1
4-55-0: 1
4-56-0: 1
5-1-2: 1
5-8-2: 1
5-11-2: 1
5-12-2: 1
5-16-2: 1
5-17-2: 1
5-19-2: 1
5-20-2: 1
5-22-2: 1
5-23-2: 1
5-27-2: 1
5-34-2: 1
5-36-2: 1
5-41-2: 1
5-43-2: 1
5-44-2: 1
5-51-2: 1
5-52-2: 1
9-0-0: 1
9-2-0: 1
9-15-0: 1
9-24-0: 1
9-29-0: 1
9-40-0: 1
9-50-0: 1
9-53-0: 1
10-9-1: 1
10-13-1: 1
10-14-1: 1
10-21-1: 1
10-28-1: 1
10-37-1: 1
17-4-1: 1
17-5-1: 1
17-18-1: 1
17-26-1: 1
17-30-1: 1
17-31-1: 1
17-35-1: 1
17-38-1: 1
17-39-1: 1
17-45-1: 1
17-46-1: 1
17-47-1: 1
17-49-1: 1
17-57-1: 1
286996
284665
286661
286711
285136
284966
279824
286657
284894
284336
286985
283134
285183
282448
284012

284840
