6-15-
17-
39-
8-35-
 1  1  1  1 
 0  0  0  0 
 0  0  0  0 
 0  0  0  0 
 0  0  0  0 
 0  0  0  0 
 1  0  0  0 
 0  0  0  0 
 0  0  0  1 
 0  0  0  0 
 0  0  0  0 
 0  0  0  0 
 0  0  0  0 
 0  0  0  0 
 0  0  0  0 
 1  0  0  0 
 0  0  0  0 
 0  1  0  0 
 0  0  0  0 
 0  0  0  0 
 0  0  0  0 
 0  0  0  0 
 0  0  0  0 
 0  0  0  0 
 0  0  0  0 
 0  0  0  0 
 0  0  0  0 
 0  0  0  0 
 0  0  0  0 
 0  0  0  0 
 0  0  0  0 
 0  0  0  0 
 0  0  0  0 
 0  0  0  0 
 0  0  0  0 
 0  0  0  1 
 0  0  0  0 
 0  0  0  0 
 0  0  0  0 
 0  0  1  0 
 0  0  0  0 

6-6-0: 1
6-9-0: 1
6-26-0: 1
6-43-0: 1
6-44-0: 1
6-54-0: 1
6-60-0: 1
8-10-3: 1
8-11-3: 1
8-13-3: 1
8-19-3: 1
8-23-3: 1
8-32-3: 1
8-35-3: 1
8-39-3: 1
8-40-3: 1
8-41-3: 1
8-42-3: 1
8-45-3: 1
8-47-3: 1
8-48-3: 1
8-57-3: 1
8-58-3: 1
15-5-0: 1
15-8-0: 1
15-14-0: 1
15-15-0: 1
15-16-0: 1
15-21-0: 1
15-22-0: 1
15-25-0: 1
15-33-0: 1
15-36-0: 1
15-37-0: 1
15-38-0: 1
15-56-0: 1
17-3-1: 1
17-7-1: 1
17-17-1: 1
17-18-1: 1
17-27-1: 1
17-49-1: 1
17-51-1: 1
17-52-1: 1
17-62-1: 1
17-63-1: 1
35-1-3: 1
35-34-3: 1
35-46-3: 1
35-50-3: 1
39-0-2: 1
39-2-2: 1
39-4-2: 1
39-12-2: 1
39-20-2: 1
39-24-2: 1
39-28-2: 1
39-29-2: 1
39-30-2: 1
39-31-2: 1
39-53-2: 1
39-55-2: 1
39-59-2: 1
39-61-2: 1
330169
327737
327610
328469
329764
330940
328388
330124
326805
327243
332152
325878
330713
330371
324922

328752
