13-
5-9-18-
15-20-
30-
 1  1  1  1 
 0  0  0  0 
 0  0  0  0 
 0  0  0  0 
 0  0  0  0 
 0  1  0  0 
 0  0  0  0 
 0  0  0  0 
 0  0  0  0 
 0  1  0  0 
 0  0  0  0 
 0  0  0  0 
 0  0  0  0 
 1  0  0  0 
 0  0  0  0 
 0  0  1  0 
 0  0  0  0 
 0  0  0  0 
 0  1  0  0 
 0  0  0  0 
 0  0  1  0 
 0  0  0  0 
 0  0  0  0 
 0  0  0  0 
 0  0  0  0 
 0  0  0  0 
 0  0  0  0 
 0  0  0  0 
 0  0  0  0 
 0  0  0  0 
 0  0  0  1 
 0  0  0  0 
 0  0  0  0 
 0  0  0  0 
 0  0  0  0 
 0  0  0  0 
 0  0  0  0 
 0  0  0  0 
 0  0  0  0 
 0  0  0  0 
 0  0  0  0 

5-23-1: 1
5-46-1: 1
5-54-1: 1
5-64-1: 1
5-65-1: 1
9-15-1: 1
9-16-1: 1
9-40-1: 1
9-44-1: 1
9-45-1: 1
9-66-1: 1
9-73-1: 1
13-3-0: 1
13-4-0: 1
13-5-0: 1
13-7-0: 1
13-8-0: 1
13-13-0: 1
13-14-0: 1
13-19-0: 1
13-20-0: 1
13-25-0: 1
13-34-0: 1
13-35-0: 1
13-39-0: 1
13-48-0: 1
13-49-0: 1
13-50-0: 1
13-56-0: 1
13-60-0: 1
13-67-0: 1
13-76-0: 1
15-2-2: 1
15-6-2: 1
15-9-2: 1
15-10-2: 1
15-21-2: 1
15-26-2: 1
15-27-2: 1
15-30-2: 1
15-42-2: 1
15-43-2: 1
15-53-2: 1
18-28-1: 1
18-29-1: 1
18-32-1: 1
18-33-1: 1
18-38-1: 1
18-57-1: 1
18-58-1: 1
18-74-1: 1
20-0-2: 1
20-1-2: 1
20-31-2: 1
20-37-2: 1
20-41-2: 1
20-52-2: 1
20-55-2: 1
20-71-2: 1
20-72-2: 1
30-11-3: 1
30-12-3: 1
30-18-3: 1
30-22-3: 1
30-24-3: 1
30-36-3: 1
30-51-3: 1
30-59-3: 1
30-61-3: 1
30-62-3: 1
30-63-3: 1
30-68-3: 1
30-69-3: 1
30-70-3: 1
30-75-3: 1
371235
364431
367660
372937
367905
370724
370362
373002
367511
354143
363236
364472
372947
368647
371444

368044
