29-38-25-
26-
1-23-34-
28-
 1  1  1  1 
 0  0  1  0 
 0  0  0  0 
 0  0  0  0 
 0  0  0  0 
 0  0  0  0 
 0  0  0  0 
 0  0  0  0 
 0  0  0  0 
 0  0  0  0 
 0  0  0  0 
 0  0  0  0 
 0  0  0  0 
 0  0  0  0 
 0  0  0  0 
 0  0  0  0 
 0  0  0  0 
 0  0  0  0 
 0  0  0  0 
 0  0  0  0 
 0  0  0  0 
 0  0  0  0 
 0  0  0  0 
 0  0  1  0 
 0  0  0  0 
 1  0  0  0 
 0  1  0  0 
 0  0  0  0 
 0  0  0  1 
 1  0  0  0 
 0  0  0  0 
 0  0  0  0 
 0  0  0  0 
 0  0  0  0 
 0  0  1  0 
 0  0  0  0 
 0  0  0  0 
 0  0  0  0 
 1  0  0  0 
 0  0  0  0 
 0  0  0  0 

1-27-2: 1
1-32-2: 1
1-33-2: 1
1-45-2: 1
1-50-2: 1
1-51-2: 1
1-71-2: 1
23-11-2: 1
23-12-2: 1
23-13-2: 1
23-25-2: 1
23-30-2: 1
23-31-2: 1
23-42-2: 1
23-43-2: 1
26-0-1: 1
26-8-1: 1
26-10-1: 1
26-22-1: 1
26-24-1: 1
26-29-1: 1
26-37-1: 1
26-47-1: 1
26-55-1: 1
26-56-1: 1
26-58-1: 1
26-61-1: 1
26-62-1: 1
26-67-1: 1
26-73-1: 1
26-74-1: 1
28-1-3: 1
28-6-3: 1
28-9-3: 1
28-18-3: 1
28-19-3: 1
28-26-3: 1
28-40-3: 1
28-41-3: 1
28-46-3: 1
28-48-3: 1
28-52-3: 1
28-70-3: 1
28-72-3: 1
29-4-0: 1
29-15-0: 1
29-53-0: 1
29-57-0: 1
29-59-0: 1
29-60-0: 1
29-65-0: 1
29-69-0: 1
34-3-2: 1
34-5-2: 1
34-28-2: 1
34-34-2: 1
34-66-2: 1
38-7-0: 1
38-14-0: 1
38-16-0: 1
38-17-0: 1
38-23-0: 1
38-36-0: 1
38-38-0: 1
38-39-0: 1
38-49-0: 1
38-54-0: 1
38-63-0: 1
38-68-0: 1
356925
351348
352025
354774
356138
359337
358712
358377
347128
356519
354361
362303
350172
360431
361481

356002
