24-
12-
3-17-27-
 1  1  1 
 0  0  0 
 0  0  0 
 0  0  1 
 0  0  0 
 0  0  0 
 0  0  0 
 0  0  0 
 0  0  0 
 0  0  0 
 0  0  0 
 0  0  0 
 0  1  0 
 0  0  0 
 0  0  0 
 0  0  0 
 0  0  0 
 0  0  1 
 0  0  0 
 0  0  0 
 0  0  0 
 0  0  0 
 0  0  0 
 0  0  0 
 1  0  0 
 0  0  0 
 0  0  0 
 0  0  1 
 0  0  0 
 0  0  0 
 0  0  0 

3-5-2: 1
3-24-2: 1
3-25-2: 1
3-26-2: 1
3-34-2: 1
3-45-2: 1
3-47-2: 1
3-50-2: 1
12-3-1: 1
12-4-1: 1
12-6-1: 1
12-12-1: 1
12-13-1: 1
12-19-1: 1
12-21-1: 1
12-23-1: 1
12-27-1: 1
12-28-1: 1
12-29-1: 1
12-31-1: 1
12-44-1: 1
12-46-1: 1
12-52-1: 1
17-10-2: 1
17-11-2: 1
24-2-0: 1
24-7-0: 1
24-14-0: 1
24-15-0: 1
24-18-0: 1
24-20-0: 1
24-30-0: 1
24-32-0: 1
24-33-0: 1
24-35-0: 1
24-36-0: 1
24-39-0: 1
24-41-0: 1
24-42-0: 1
24-51-0: 1
27-0-2: 1
27-1-2: 1
27-9-2: 1
27-16-2: 1
27-22-2: 1
27-37-2: 1
27-38-2: 1
27-43-2: 1
27-48-2: 1
27-49-2: 1
251972
257143
256212
250795
253697
256395
254016
254584
256150
254781
256395
256433
252495
254842
254240

254677
