28-
10-17-
4-9-
 1  1  1 
 0  0  0 
 0  0  0 
 0  0  0 
 0  0  1 
 0  0  0 
 0  0  0 
 0  0  0 
 0  0  0 
 0  0  1 
 0  1  0 
 0  0  0 
 0  0  0 
 0  0  0 
 0  0  0 
 0  0  0 
 0  0  0 
 0  1  0 
 0  0  0 
 0  0  0 
 0  0  0 
 0  0  0 
 0  0  0 
 0  0  0 
 0  0  0 
 0  0  0 
 0  0  0 
 0  0  0 
 1  0  0 
 0  0  0 
 0  0  0 

4-6-2: 1
4-7-2: 1
4-10-2: 1
4-12-2: 1
4-25-2: 1
4-32-2: 1
4-33-2: 1
4-42-2: 1
4-54-2: 1
4-55-2: 1
4-56-2: 1
9-0-2: 1
9-2-2: 1
9-15-2: 1
9-24-2: 1
9-29-2: 1
9-40-2: 1
9-50-2: 1
9-53-2: 1
10-9-1: 1
10-14-1: 1
10-21-1: 1
10-28-1: 1
10-37-1: 1
17-4-1: 1
17-5-1: 1
17-18-1: 1
17-26-1: 1
17-30-1: 1
17-31-1: 1
17-35-1: 1
17-38-1: 1
17-39-1: 1
17-45-1: 1
17-46-1: 1
17-47-1: 1
17-49-1: 1
17-52-1: 1
17-57-1: 1
28-1-0: 1
28-8-0: 1
28-11-0: 1
28-13-0: 1
28-16-0: 1
28-17-0: 1
28-19-0: 1
28-20-0: 1
28-22-0: 1
28-23-0: 1
28-27-0: 1
28-34-0: 1
28-36-0: 1
28-41-0: 1
28-43-0: 1
28-44-0: 1
28-51-0: 1
286753
283134
275754
285183
282043
282054
285849
281362
284389
285183
284669
284258
279473
284024
277893

282801
