17-
7-8-
19-30-
 1  1  1 
 0  0  0 
 0  0  0 
 0  0  0 
 0  0  0 
 0  0  0 
 0  0  0 
 0  1  0 
 0  1  0 
 0  0  0 
 0  0  0 
 0  0  0 
 0  0  0 
 0  0  0 
 0  0  0 
 0  0  0 
 0  0  0 
 1  0  0 
 0  0  0 
 0  0  1 
 0  0  0 
 0  0  0 
 0  0  0 
 0  0  0 
 0  0  0 
 0  0  0 
 0  0  0 
 0  0  0 
 0  0  0 
 0  0  0 
 0  0  1 

7-13-1: 1
7-14-1: 1
7-25-1: 1
7-26-1: 1
7-30-1: 1
7-35-1: 1
7-38-1: 1
7-41-1: 1
7-44-1: 1
7-49-1: 1
7-51-1: 1
8-7-1: 1
8-11-1: 1
8-23-1: 1
8-32-1: 1
17-1-0: 1
17-6-0: 1
17-8-0: 1
17-9-0: 1
17-12-0: 1
17-17-0: 1
17-20-0: 1
17-24-0: 1
17-27-0: 1
17-28-0: 1
17-29-0: 1
17-36-0: 1
17-37-0: 1
17-39-0: 1
17-40-0: 1
17-46-0: 1
17-50-0: 1
19-0-2: 1
19-4-2: 1
19-10-2: 1
19-18-2: 1
19-19-2: 1
19-31-2: 1
19-33-2: 1
19-34-2: 1
19-42-2: 1
19-47-2: 1
30-2-2: 1
30-3-2: 1
30-5-2: 1
30-16-2: 1
30-21-2: 1
30-43-2: 1
30-45-2: 1
30-48-2: 1
30-52-2: 1
30-53-2: 1
259032
259026
259929
252121
257115
250611
253758
258637
257324
258609
255547
258603
255821
259714
253104

256597
