28-14-27-7-
8-
20-
 1  1  1 
 0  0  0 
 0  0  0 
 0  0  0 
 0  0  0 
 0  0  0 
 0  0  0 
 1  0  0 
 0  1  0 
 0  0  0 
 0  0  0 
 0  0  0 
 0  0  0 
 0  0  0 
 1  0  0 
 0  0  0 
 0  0  0 
 0  0  0 
 0  0  0 
 0  0  0 
 0  0  1 
 0  0  0 
 0  0  0 
 0  0  0 
 0  0  0 
 0  0  0 
 0  0  0 
 1  0  0 
 1  0  0 
 0  0  0 
 0  0  0 

7-28-0: 1
8-4-1: 1
8-9-1: 1
8-11-1: 1
8-12-1: 1
8-27-1: 1
8-37-1: 1
8-39-1: 1
8-45-1: 1
14-5-0: 1
14-19-0: 1
20-0-2: 1
20-1-2: 1
20-2-2: 1
20-3-2: 1
20-8-2: 1
20-10-2: 1
20-15-2: 1
20-16-2: 1
20-17-2: 1
20-18-2: 1
20-22-2: 1
20-23-2: 1
20-30-2: 1
20-31-2: 1
20-32-2: 1
20-33-2: 1
20-38-2: 1
20-40-2: 1
20-41-2: 1
20-47-2: 1
27-7-0: 1
27-14-0: 1
27-21-0: 1
27-34-0: 1
27-35-0: 1
27-36-0: 1
27-42-0: 1
27-43-0: 1
27-46-0: 1
28-6-0: 1
28-13-0: 1
28-20-0: 1
28-24-0: 1
28-25-0: 1
28-26-0: 1
28-44-0: 1
28-49-0: 1
248354
249208
247395
248332
249320
250752
248891
247482
247649
247919
247908
247919
247928
245532
246925

248101
