6-35-8-
17-
15-
39-
 1  1  1  1 
 0  0  0  0 
 0  0  0  0 
 0  0  0  0 
 0  0  0  0 
 0  0  0  0 
 1  0  0  0 
 0  0  0  0 
 1  0  0  0 
 0  0  0  0 
 0  0  0  0 
 0  0  0  0 
 0  0  0  0 
 0  0  0  0 
 0  0  0  0 
 0  0  1  0 
 0  0  0  0 
 0  1  0  0 
 0  0  0  0 
 0  0  0  0 
 0  0  0  0 
 0  0  0  0 
 0  0  0  0 
 0  0  0  0 
 0  0  0  0 
 0  0  0  0 
 0  0  0  0 
 0  0  0  0 
 0  0  0  0 
 0  0  0  0 
 0  0  0  0 
 0  0  0  0 
 0  0  0  0 
 0  0  0  0 
 0  0  0  0 
 1  0  0  0 
 0  0  0  0 
 0  0  0  0 
 0  0  0  0 
 0  0  0  1 
 0  0  0  0 

6-26-0: 1
8-10-0: 1
8-11-0: 1
8-13-0: 1
8-19-0: 1
8-23-0: 1
8-32-0: 1
8-35-0: 1
8-39-0: 1
8-40-0: 1
8-41-0: 1
8-42-0: 1
8-45-0: 1
8-47-0: 1
8-48-0: 1
8-57-0: 1
8-58-0: 1
15-5-2: 1
15-8-2: 1
15-14-2: 1
15-15-2: 1
15-16-2: 1
15-17-2: 1
15-18-2: 1
15-21-2: 1
15-22-2: 1
15-25-2: 1
15-33-2: 1
15-36-2: 1
15-37-2: 1
15-38-2: 1
15-55-2: 1
15-56-2: 1
17-3-1: 1
17-6-1: 1
17-7-1: 1
17-9-1: 1
17-27-1: 1
17-43-1: 1
17-44-1: 1
17-49-1: 1
17-50-1: 1
17-51-1: 1
17-52-1: 1
17-54-1: 1
17-60-1: 1
17-62-1: 1
17-63-1: 1
35-1-0: 1
35-34-0: 1
35-46-0: 1
39-0-3: 1
39-2-3: 1
39-4-3: 1
39-12-3: 1
39-20-3: 1
39-24-3: 1
39-28-3: 1
39-29-3: 1
39-30-3: 1
39-31-3: 1
39-53-3: 1
39-59-3: 1
39-61-3: 1
329639
333717
331472
330437
331683
331925
331683
332152
333943
332152
330195
333717
328687
331882
325780

331271
