1-10-13-
2-
 1  1 
 1  0 
 0  1 
 0  0 
 0  0 
 0  0 
 0  0 
 0  0 
 0  0 
 0  0 
 1  0 
 0  0 
 0  0 
 1  0 
 0  0 
 0  0 
 0  0 
 0  0 
 0  0 
 0  0 
 0  0 

1-0-0: 1
1-1-0: 1
1-4-0: 1
1-24-0: 1
1-26-0: 1
1-30-0: 1
1-34-0: 1
2-5-1: 1
2-7-1: 1
2-9-1: 1
2-10-1: 1
2-12-1: 1
2-15-1: 1
2-16-1: 1
2-17-1: 1
2-20-1: 1
2-21-1: 1
2-22-1: 1
2-33-1: 1
2-35-1: 1
10-2-0: 1
10-3-0: 1
10-8-0: 1
10-11-0: 1
10-23-0: 1
10-28-0: 1
10-29-0: 1
10-36-0: 1
10-37-0: 1
13-6-0: 1
13-18-0: 1
13-19-0: 1
13-32-0: 1
170844
170805
170024
170805
169650
168615
170805
170805
170844
170805
170805
169015
170805
170805
170459

170393
