22-11-
30-
24-
 1  1  1 
 0  0  0 
 0  0  0 
 0  0  0 
 0  0  0 
 0  0  0 
 0  0  0 
 0  0  0 
 0  0  0 
 0  0  0 
 0  0  0 
 1  0  0 
 0  0  0 
 0  0  0 
 0  0  0 
 0  0  0 
 0  0  0 
 0  0  0 
 0  0  0 
 0  0  0 
 0  0  0 
 0  0  0 
 1  0  0 
 0  0  0 
 0  0  1 
 0  0  0 
 0  0  0 
 0  0  0 
 0  0  0 
 0  0  0 
 0  1  0 

11-6-0: 1
11-7-0: 1
11-8-0: 1
11-9-0: 1
11-10-0: 1
11-18-0: 1
11-19-0: 1
11-25-0: 1
11-26-0: 1
11-33-0: 1
11-36-0: 1
11-39-0: 1
11-41-0: 1
11-42-0: 1
11-48-0: 1
11-49-0: 1
22-1-0: 1
22-2-0: 1
22-22-0: 1
22-35-0: 1
24-0-2: 1
24-3-2: 1
24-13-2: 1
24-23-2: 1
24-27-2: 1
24-30-2: 1
24-31-2: 1
24-32-2: 1
24-34-2: 1
24-37-2: 1
24-40-2: 1
24-45-2: 1
24-50-2: 1
30-4-1: 1
30-5-1: 1
30-11-1: 1
30-12-1: 1
30-14-1: 1
30-15-1: 1
30-20-1: 1
30-21-1: 1
30-24-1: 1
30-29-1: 1
30-38-1: 1
30-43-1: 1
30-44-1: 1
30-46-1: 1
30-47-1: 1
30-51-1: 1
30-52-1: 1
30-53-1: 1
30-54-1: 1
265814
266788
270274
266788
268310
263232
265951
268143
267288
265982
270104
263937
259534
265584
262361

266006
