27-10-28-
8-
7-
 1  1  1 
 0  0  0 
 0  0  0 
 0  0  0 
 0  0  0 
 0  0  0 
 0  0  0 
 0  0  1 
 0  1  0 
 0  0  0 
 1  0  0 
 0  0  0 
 0  0  0 
 0  0  0 
 0  0  0 
 0  0  0 
 0  0  0 
 0  0  0 
 0  0  0 
 0  0  0 
 0  0  0 
 0  0  0 
 0  0  0 
 0  0  0 
 0  0  0 
 0  0  0 
 0  0  0 
 1  0  0 
 1  0  0 
 0  0  0 
 0  0  0 

7-0-2: 1
7-1-2: 1
7-3-2: 1
7-7-2: 1
7-8-2: 1
7-15-2: 1
7-16-2: 1
7-17-2: 1
7-18-2: 1
7-22-2: 1
7-23-2: 1
7-28-2: 1
7-30-2: 1
7-31-2: 1
7-33-2: 1
7-40-2: 1
7-41-2: 1
7-46-2: 1
7-47-2: 1
8-4-1: 1
8-9-1: 1
8-10-1: 1
8-11-1: 1
8-12-1: 1
8-37-1: 1
8-38-1: 1
8-39-1: 1
8-45-1: 1
10-5-0: 1
10-19-0: 1
27-2-0: 1
27-14-0: 1
27-21-0: 1
27-32-0: 1
27-34-0: 1
27-35-0: 1
27-36-0: 1
27-42-0: 1
27-43-0: 1
28-6-0: 1
28-13-0: 1
28-20-0: 1
28-24-0: 1
28-25-0: 1
28-26-0: 1
28-27-0: 1
28-44-0: 1
28-49-0: 1
245054
243323
240843
238851
241301
244906
244835
246457
248891
247482
247919
248891
246079
239955
246079

244724
