2
20
-291.15 270.07
80.345 -761.66
-222.26 -114.1
-372.31 -130.64
783.3 37.326
930.74 -72.701
-69.901 -434.17
41.572 -95.377
422.65 -189.56
24.291 309.41
265.57 259.78
480.68 -255.29
-438.78 318.98
515.7 307.89
-379.45 -771.48
-565.36 253.02
-454.75 654.33
-142.5 214.63
175.49 -473.42
24.265 -2.6012
35
-689.24 423.36
-665.14 887.47
679.78 -809.67
412.28 -283.49
-348.18 -137.99
-299.18 -167.95
1126.6 -192.45
772.19 564.48
317.42 49.081
248.89 -47.447
-86.775 -754.69
-261.48 -893.07
-58.683 -481.67
-339.67 133.95
275.06 -859.37
773.5 -715.15
132.21 116.37
569.04 296.5
546.27 489.39
360.52 -516.32
274.58 -554.49
-904.09 174.77
17.476 16.808
369.87 52.464
619.69 598.7
-377.33 -1151.6
-343.53 -892.12
-502.27 -25.318
17.819 338.29
79.477 501.68
30.969 -435.69
-177.98 42.404
-385.2 -575.12
281.4 248.69
109.19 -5.4365
