2
20
-26.704 -341.82
44.217 15.066
-65.506 35.436
-644.01 482.66
-511.45 61.561
-286.5 756.28
-454.09 -350.86
82.08 890.09
702.51 370.99
-400.14 -319.2
134.46 15.72
291.43 50.08
-197.09 -38.242
602.04 -384.41
-721.9 -684.63
-15.909 -166.4
-624.2 579.77
288.05 -159.18
217.61 41.999
9.3635 -740.02
38
271 -842.21
-178.91 -780.93
-720.18 38.1
-575.2 -197.06
103.94 -228.29
509.69 -83.74
-309.99 -97.732
215.44 278.16
-945.31 138.25
17.873 671.97
22.015 356.84
-737 -1043.5
55.752 133.38
640.55 868.56
-21.634 1097.3
718.35 186.93
703.37 318.66
-31.965 -5.3206
-636.31 154.04
-188.32 245.81
134.4 128.55
291.54 49.913
43.263 209.75
-375.64 -702.7
119.76 -314.55
953.29 -502.58
518.45 -303.53
-1444.9 -424.46
-550.42 -960.13
-507.77 -293.51
-52.564 -244.71
-88.542 837.8
-682.75 565.93
532.59 597.15
704.75 -657.19
743.11 349.06
-452.85 -727.03
-583.68 -725.56
